date,value,Lag_1,Lag_3,Lag_12,Rolling_Mean_3M,Rolling_Mean_6M,Rolling_Mean_12M,Rolling_Std_3M,Rolling_Std_6M,Rolling_Std_12M,MoM_Percentage_Change,YoY_Percentage_Change,Cumulative_Sum,Cumulative_Product,Trend,Seasonal,Residual,EMA_12,EMA_26,EMA_50,ROC,RSI,Z_Score,Days_Since_Peak,Days_Since_Trough,Peak,Trough
1948-01-01,0.0543478260869561,,,,,,,,,,,,0.0543478260869561,,,0.0222677698507141,,0.0,0.0,0.0,,,0.0543478260869566,,,0.0543478260869561,0.0543478260869561
1948-02-01,0.0869565217391299,0.0543478260869561,,,,,,,,,0.7900308940312669,,0.141304347826086,0.0869565217391361,,0.9554092315497656,,0.0053764620718714,0.0026068022094118,0.0013962407768079,,,0.0869565217391302,,,0.0869565217391299,0.0543478260869561
1948-03-01,0.0434782608695645,0.0869565217391299,,,0.0335820895522385,,,0.1237421994305139,,,0.5811829108632339,,0.1847826086956505,0.0434782608695707,,0.5710665168439846,,0.0027571600368565,0.0015447716796508,0.0008760726442718,,,0.0434782608695651,,,0.0869565217391299,0.0434782608695645
1948-04-01,0.0978260869565215,0.0434782608695645,0.0543478260869561,,0.048507462686568,,,0.1572735907015176,,,0.8501316734498447,,0.282608695652172,0.0978260869565268,,0.2965245173761559,,0.0095015976654773,0.0049060804270411,0.0027033712233777,,,0.0978260869565217,,,0.0978260869565215,0.0434782608695645
1948-05-01,0.0217391304347822,0.0978260869565215,0.0869565217391299,,0.026119402985075,,,0.214327776453974,,,0.4922257885190491,,0.3043478260869542,0.0217391304347867,,0.6540744777450982,,0.0026633513373779,0.0019358648526628,0.001201115888791,,,0.0217391304347822,,,0.0978260869565215,0.0217391304347822
1948-06-01,0.1195652173913046,0.0217391304347822,0.0434782608695645,,0.0522388059701501,0.028625954198473,,0.2809205798843666,0.2154991115393867,,0.9709517651798192,,0.4239130434782588,0.1195652173913099,,0.4256566938086052,,0.0130065291215251,0.0070060718749935,0.0039464948585337,,,0.1195652173913046,,,0.1195652173913046,0.0217391304347822
1948-07-01,0.1304347826086953,0.1195652173913046,0.0978260869565215,,0.0634328358208966,0.0419847328244271,,0.3273910863773016,0.254626934403852,,0.7298825938699035,,0.5543478260869541,0.1304347826087006,0.0264058679706593,1.0,0.8505078856011927,0.0235506028089913,0.0125696420765848,0.007049625500163,,,0.1304347826086953,,,0.1304347826086953,0.0217391304347822
1948-08-01,0.0869565217391299,0.1304347826086953,0.0217391304347822,,0.0858208955223887,0.0419847328244271,,0.1237421994305159,0.254626934403852,,0.5819861515784875,,0.641304347826084,0.0869565217391343,0.0273838630806846,0.727691959748654,0.7053797616339743,0.0253038952179407,0.0142453596877318,0.0081694103750038,,,0.0869565217391302,,,0.1304347826086953,0.0217391304347822
1948-09-01,0.0869565217391299,0.0869565217391299,0.1195652173913046,,0.0746268656716422,0.049618320610687,,0.137279644610896,0.223533786571894,,0.7002633468996896,,0.728260869565214,0.0869565217391343,0.029828850855746,0.4865353812381272,0.7005292766400437,0.0267874503332068,0.0157969500684229,0.009245282117499,,,0.0869565217391302,,,0.1304347826086953,0.0217391304347822
1948-10-01,0.0652173913043476,0.0869565217391299,0.1304347826086953,,0.0522388059701501,0.0438931297709919,,0.0686398223054479,0.2306531617078475,,0.6407231288814628,,0.7934782608695615,0.065217391304353,0.0308068459657704,0.1514445066156895,0.6287067682022709,0.0244584581520559,0.0154957396887134,0.0093481356267295,,,0.0652173913043481,,,0.1304347826086953,0.0217391304347822
1948-11-01,0.0652173913043476,0.0652173913043476,0.0869565217391299,,0.0447761194029858,0.0515267175572509,,0.0686398223054494,0.1518384114070578,,0.7002633468996896,,0.8586956521739091,0.065217391304353,0.0332518337408318,0.5867193159658655,0.6162938803761406,0.0224877724603116,0.015216841188983,0.0094469556650098,,,0.0652173913043481,,,0.1304347826086953,0.0217391304347822
1948-12-01,0.108695652173913,0.0652173913043476,0.0869565217391299,,0.0522388059701501,0.049618320610687,0.0263929618768337,0.1372796446108952,0.1394203389830903,0.2211647211199464,0.8197495084422329,,0.9673913043478221,0.1086956521739193,0.0337408312958436,0.0,0.7664540138511242,0.0279888852785115,0.018434338116597,0.0114035547767485,,,0.1086956521739132,,,0.1304347826086953,0.0217391304347822
1949-01-01,0.0652173913043476,0.108695652173913,0.0652173913043476,0.0543478260869561,0.0522388059701501,0.0381679389312976,0.0273704789833821,0.1372796446108952,0.0884809929664144,0.2156250119388358,0.5815858903422062,0.5648360740510896,1.0326086956521696,0.0652173913043547,0.0288508557457207,0.0222677698507141,0.6361866049150748,0.0254750569519286,0.017937765659246,0.0114217701424781,0.5648360740510908,,0.0652173913043481,,,0.1304347826086953,0.0217391304347822
1949-02-01,0.0978260869565215,0.0652173913043476,0.0652173913043476,0.0869565217391299,0.0634328358208966,0.0400763358778624,0.0283479960899306,0.1237421994305106,0.0977057773971691,0.2183505193156202,0.7898779680565952,0.5647262437618985,1.1304347826086911,0.0978260869565286,0.028361858190709,0.9554092315497656,0.7360733985040433,0.0287244335166922,0.0200847785562956,0.0128355119569487,0.5647262437618972,0.5722506393861848,0.0978260869565217,,,0.1304347826086953,0.0217391304347822
1949-03-01,0.0869565217391299,0.0978260869565215,0.108695652173913,0.0434782608695645,0.0559701492537323,0.0400763358778624,0.0322580645161298,0.0908019499279376,0.0977057773971691,0.1977375286274533,0.6705436957024558,0.6296735560735554,1.217391304347821,0.0869565217391379,0.0308068459657704,0.5710665168439846,0.6965537426195532,0.0296817519706111,0.0212038193911681,0.0137283993236803,0.6296735560735552,0.5569461827284059,0.0869565217391302,,,0.1304347826086953,0.0217391304347822
1949-04-01,0.0760869565217383,0.0869565217391299,0.0652173913043476,0.0978260869565215,0.0597014925373136,0.0419847328244271,0.0303030303030302,0.0594438298277646,0.0884809929664174,0.1967120303956807,0.6704932378905752,0.5004384180790948,1.2934782608695594,0.0760869565217463,0.036185819070905,0.2965245173761559,0.6467685332758109,0.0286996366384313,0.0213710342425414,0.0141208579072911,0.5004384180790948,0.4999999999999958,0.0760869565217388,,,0.1304347826086953,0.0217391304347822
1949-05-01,0.0978260869565215,0.0760869565217383,0.0978260869565215,0.0217391304347822,0.0597014925373136,0.0477099236641214,0.0371456500488767,0.0594438298277646,0.0768472546928118,0.1336060233969779,0.7599048237921006,0.6949928790477684,1.391304347826081,0.0978260869565295,0.0440097799511001,0.6540744777450982,0.6910826417005644,0.0314529240206562,0.0232637309482361,0.015428753142749,0.6949928790477676,0.5916552667578616,0.0978260869565217,,,0.1304347826086953,0.0217391304347822
1949-06-01,0.0543478260869561,0.0978260869565215,0.0869565217391299,0.1195652173913046,0.048507462686568,0.0381679389312976,0.0312805474095796,0.1188876596555353,0.0884809929664161,0.1356815267936695,0.5813847421107524,0.4152039312039298,1.445652173913037,0.054347826086964,0.0479217603911985,0.4256566938086052,0.536829348516509,0.0266140126328631,0.0215404916187376,0.0148237039998964,0.4152039312039303,0.451680672268904,0.0543478260869566,,,0.1304347826086953,0.0217391304347822
1949-07-01,0.0869565217391299,0.0543478260869561,0.0760869565217383,0.1304347826086953,0.0522388059701501,0.0419847328244271,0.0273704789833821,0.1237421994305133,0.0792735954485558,0.0918257354848187,0.7900308940312669,0.4580375083039497,1.532608695652167,0.0869565217391379,0.0493887530562355,1.0,0.6344420037323886,0.0278960112227562,0.0225517018563907,0.0156386230512177,0.4580375083039498,0.6191950464396244,0.0869565217391302,,,0.1304347826086953,0.0217391304347822
1949-08-01,0.1195652173913046,0.0869565217391299,0.0978260869565215,0.0869565217391299,0.0597014925373136,0.0458015267175566,0.0303030303030302,0.1783314894833007,0.11499519214586,0.1196651389641812,0.7895736739270348,0.6076332767402393,1.6521739130434716,0.1195652173913126,0.0498777506112473,0.727691959748654,0.7445139265496934,0.0343572413322297,0.0260948098414086,0.0178178252694927,0.607633276740238,0.5147058823529371,0.1195652173913046,,,0.1304347826086953,0.0217391304347822
1949-09-01,0.108695652173913,0.1195652173913046,0.0543478260869561,0.0869565217391299,0.0783582089552243,0.049618320610687,0.0322580645161281,0.0908019499279236,0.1265721377741679,0.1299144846949017,0.6706440999294718,0.5861797602510675,1.7608695652173847,0.108695652173921,0.0488997555012229,0.4865353812381272,0.714073078772298,0.0380322820162888,0.0285065313132877,0.0194461549849762,0.5861797602510675,0.4733455882352911,0.1086956521739132,,,0.1304347826086953,0.0217391304347822
1949-10-01,0.1630434782608691,0.108695652173913,0.0869565217391299,0.0652173913043476,0.1044776119402994,0.064885496183205,0.0410557184750741,0.1572735907014983,0.2108389843400858,0.2004090350979998,0.8486101675965454,0.7370122347839538,1.9239130434782539,0.1630434782608771,0.0503667481662599,0.1514445066156895,0.8942299964789804,0.0501027019456641,0.0350842770992336,0.0233376965945337,0.7370122347839546,0.6550802139037393,0.1630434782608697,,,0.1630434782608691,0.0217391304347822
1949-11-01,0.1413043478260869,0.1630434782608691,0.1195652173913046,0.0652173913043476,0.1119402985074629,0.0725190839694649,0.0478983382209188,0.1495970244659968,0.2276261401858899,0.2116638617473464,0.6414224267440907,0.6939590108925697,2.0652173913043406,0.1413043478260949,0.0528117359413204,0.5867193159658655,0.8093617594228846,0.0567318261456817,0.0394369143169823,0.0261458015446676,0.69395901089257,0.609243697478987,0.1413043478260868,,,0.1630434782608691,0.0217391304347822
1949-12-01,0.1195652173913046,0.1413043478260869,0.108695652173913,0.108695652173913,0.1156716417910459,0.0839694656488543,0.0488758553274681,0.1188876596555077,0.1454910306569429,0.215148090633883,0.6412243091678123,0.5646536430292767,2.1847826086956452,0.1195652173913126,0.0572127139364297,0.0,0.7300694945826116,0.058756777036244,0.0417292658234371,0.0279129575475121,0.5646536430292772,0.609243697478987,0.1195652173913046,,,0.1630434782608691,0.0217391304347822
1950-01-01,0.0869565217391299,0.1195652173913046,0.1630434782608691,0.0652173913043476,0.0895522388059699,0.0839694656488543,0.0508308895405678,0.1495970244660068,0.1454910306569429,0.2009145967839347,0.6114056059890384,0.5863259511641109,2.271739130434775,0.0869565217391379,0.0621026894865526,0.0222677698507141,0.6063735518009885,0.0550937349486941,0.0412450113051878,0.0282145725381433,0.5863259511641098,0.5495356037151653,0.0869565217391302,,,0.1630434782608691,0.0217391304347822
1950-02-01,0.0869565217391299,0.0869565217391299,0.1413043478260869,0.0978260869565215,0.07089552238806,0.07824427480916,0.0498533724340175,0.1029597334581666,0.1718424540407127,0.203801604037819,0.7002633468996896,0.5218555726759115,2.358695652173905,0.0869565217391379,0.0645476772616131,0.9554092315497656,0.5884339345810758,0.0519942377976887,0.0407966274919937,0.0285043594899265,0.5218555726759108,0.4757785467127985,0.0869565217391302,,,0.1630434782608691,0.0217391304347822
1950-03-01,0.0760869565217383,0.0869565217391299,0.1195652173913046,0.0869565217391299,0.0559701492537314,0.0725190839694649,0.0488758553274681,0.0343199111527335,0.2019893287559222,0.2093551664079702,0.6704932378905752,0.5218192107835564,2.4347826086956434,0.0760869565217463,0.0665036674816628,0.5710665168439846,0.5506586043138668,0.0475794323382672,0.0395125232247872,0.0283173686552524,0.5218192107835562,0.536053130929786,0.0760869565217388,,,0.1630434782608691,0.0217391304347822
1950-04-01,0.1195652173913046,0.0760869565217383,0.0869565217391299,0.0760869565217383,0.0671641791044779,0.0648854961832059,0.0527859237536656,0.1237421994305121,0.1394203389831,0.2034269441133623,0.8195463006845075,0.6292327355184495,2.554347826086948,0.1195652173913126,0.0660146699266501,0.2965245173761559,0.6996123167751911,0.0510124438145851,0.0417992740714048,0.0299993651635643,0.6292327355184505,0.5560661764705843,0.1195652173913046,,,0.1630434782608691,0.0217391304347822
1950-05-01,0.108695652173913,0.1195652173913046,0.0869565217391299,0.0978260869565215,0.0746268656716422,0.0591603053435116,0.053763440860215,0.1237421994305068,0.0949402417710131,0.202801249739247,0.6706440999294718,0.5646898818695435,2.663043478260861,0.108695652173921,0.064547677261614,0.6540744777450982,0.6640041803776775,0.0521251456552045,0.0430477018966168,0.0311499874322223,0.5646898818695426,0.5560661764705843,0.1086956521739132,,,0.1630434782608691,0.0217391304347822
1950-06-01,0.1413043478260869,0.108695652173913,0.0760869565217383,0.0543478260869561,0.0970149253731351,0.0629770992366411,0.061583577712609,0.0908019499279013,0.1336572253331457,0.1751992970562013,0.7892714393178007,0.7157795014996374,2.804347826086948,0.1413043478260949,0.0640586797066022,0.4256566938086052,0.7763895627218673,0.0584431246691385,0.0468104557960407,0.0336517280357799,0.7157795014996369,0.6314878892733516,0.1413043478260868,,,0.1630434782608691,0.0217391304347822
1950-07-01,0.108695652173913,0.1413043478260869,0.1195652173913046,0.0869565217391299,0.0932835820895521,0.0667938931297706,0.0635386119257086,0.1029597334581409,0.124890949039707,0.1647985281952531,0.6117047903018717,0.5861797602510675,2.913043478260861,0.108695652173921,0.0650366748166257,1.0,0.6586171638810718,0.0584126448398265,0.0476876849749841,0.0346591203878805,0.5861797602510675,0.5336134453781474,0.1086956521739132,,,0.1630434782608691,0.0217391304347822
1950-08-01,0.1521739130434776,0.108695652173913,0.108695652173913,0.1195652173913046,0.1082089552238816,0.07824427480916,0.0664711632453567,0.123742199430479,0.1499092918969821,0.1830964589992915,0.8189408034571711,0.6073071253071246,3.065217391304339,0.1521739130434856,0.0669926650366745,0.727691959748654,0.8000068954154465,0.065555470310854,0.0519756704939631,0.0374886615266225,0.6073071253071242,0.6848739495798264,0.1521739130434782,,,0.1630434782608691,0.0217391304347822
1950-09-01,0.1195652173913046,0.1521739130434776,0.1413043478260869,0.108695652173913,0.1007462686567173,0.0858778625954199,0.0674486803519069,0.1237421994304839,0.0892160446716393,0.1818678526053865,0.6118536282121191,0.5646536430292767,3.1847826086956434,0.1195652173913117,0.0728606356968217,0.4865353812381272,0.6764340109311426,0.0662229374836975,0.0533392252465683,0.0388109994909591,0.5646536430292772,0.5714285714285678,0.1195652173913046,,,0.1630434782608691,0.0217391304347822
1950-10-01,0.1413043478260869,0.1195652173913046,0.108695652173913,0.1630434782608691,0.1119402985074629,0.0896946564885494,0.0654936461388082,0.0908019499278862,0.0949402417710352,0.1600062737967564,0.7595018408401212,0.5008696359568832,3.3260869565217304,0.1413043478260931,0.077261613691931,0.1514445066156895,0.7387794242897812,0.070372025447094,0.0563396440830326,0.0410123082490763,0.500869635956883,0.5536332179930745,0.1413043478260868,,,0.1630434782608691,0.0217391304347822
1950-11-01,0.1304347826086953,0.1413043478260869,0.1521739130434776,0.1413043478260869,0.1044776119402994,0.0935114503816798,0.064516129032258,0.0594438298276988,0.0768472546928527,0.153384044081206,0.670743828033749,0.5219997959391888,3.4565217391304257,0.1304347826087006,0.0782396088019563,0.5867193159658655,0.6948352189752747,0.0720906381613959,0.0582488756025476,0.0426618775812732,0.521999795939189,0.5536332179930745,0.1304347826086953,,,0.1630434782608691,0.0217391304347822
1950-12-01,0.1195652173913046,0.1304347826086953,0.1195652173913046,0.1195652173913046,0.1044776119402994,0.0896946564885494,0.064516129032258,0.0594438298276988,0.0768472546928489,0.153384044081206,0.6706940480693916,0.5432727272727268,3.5760869565217304,0.1195652173913099,0.0777506112469446,0.0,0.6668971698716035,0.0717526948956939,0.0591477484952571,0.0437813443277796,0.5432727272727267,0.4264705882352907,0.1195652173913046,,,0.1630434782608691,0.0217391304347822
1951-01-01,0.108695652173913,0.1195652173913046,0.1413043478260869,0.0869565217391299,0.0932835820895521,0.0896946564885503,0.0664711632453576,0.0594438298277152,0.0768472546928489,0.1397624259253294,0.6706440999294718,0.5861797602510675,3.6847826086956434,0.1086956521739175,0.077261613691931,0.0222677698507141,0.6321019827050982,0.0696745888776808,0.0591111041409249,0.044391496825292,0.5861797602510675,0.4462474645030394,0.1086956521739132,,,0.1630434782608691,0.0217391304347822
1951-02-01,0.108695652173913,0.108695652173913,0.1304347826086953,0.0869565217391299,0.0858208955223887,0.0820610687022904,0.0684261974584572,0.034319911152653,0.0549633373312856,0.1235818849009602,0.7002633468996896,0.5861797602510675,3.7934782608695565,0.1086956521739175,0.077261613691931,0.9554092315497656,0.6216373080880189,0.067916191477825,0.0590771741832094,0.0449777217738818,0.5861797602510675,0.4901960784313682,0.1086956521739132,,,0.1630434782608691,0.0217391304347822
1951-03-01,0.1847826086956514,0.108695652173913,0.1195652173913046,0.0760869565217383,0.1082089552238816,0.0935114503816789,0.0782013685239491,0.2402393780690489,0.1611914861977517,0.1476644555824814,0.907948895875286,0.7581727478870322,3.978260869565208,0.1847826086956576,0.0753056234718823,0.5710665168439846,0.8842463326322694,0.0789733949225697,0.0651282960443246,0.0487988526546878,0.7581727478870331,0.7068311195445875,0.1847826086956518,,,0.1847826086956514,0.0217391304347822
1951-04-01,0.108695652173913,0.1847826086956514,0.108695652173913,0.1195652173913046,0.1082089552238816,0.0877862595419856,0.0772238514174006,0.2402393780690489,0.1679156954716321,0.152599580489922,0.4950088996679567,0.5219279279279266,4.086956521739121,0.1086956521739193,0.0748166259168705,0.2965245173761559,0.6365134387573441,0.0757844119773452,0.0646486481678385,0.0492122401197718,0.5219279279279271,0.5495356037151667,0.1086956521739132,,,0.1847826086956514,0.0217391304347822
1951-05-01,0.1413043478260869,0.108695652173913,0.108695652173913,0.108695652173913,0.1194029850746272,0.0896946564885494,0.0801564027370487,0.2087598696029277,0.1718424540407188,0.1483083428022138,0.7892714393178007,0.6074154745423764,4.228260869565208,0.1413043478260931,0.0743276283618588,0.6540744777450982,0.7421439203467237,0.078462503864797,0.0668113319730983,0.051005657088524,0.607415474542377,0.6139705882352903,0.1413043478260868,,,0.1847826086956514,0.0217391304347822
1951-06-01,0.0978260869565215,0.1413043478260869,0.1847826086956514,0.1413043478260869,0.0895522388059699,0.0858778625954199,0.0762463343108512,0.1237421994304941,0.1884403679868797,0.1607624376137798,0.5821852714359311,0.4581810019385775,4.3260869565217295,0.0978260869565286,0.0757946210268949,0.4256566938086052,0.5960242638959095,0.0735599655198884,0.0653380806987513,0.0508670896109917,0.4581810019385773,0.481617647058819,0.0978260869565217,,,0.1847826086956514,0.0217391304347822
1951-07-01,0.1413043478260869,0.0978260869565215,0.108695652173913,0.108695652173913,0.1007462686567173,0.0916030534351133,0.0791788856304984,0.1372796446108693,0.1848179434251637,0.1575675384435612,0.8191419516886248,0.6074154745423764,4.467391304347816,0.1413043478260931,0.0797066014669924,1.0,0.7216978042590618,0.0765802799392556,0.0674496954276469,0.0525956105212648,0.607415474542377,0.5608755129958916,0.1413043478260868,,,0.1847826086956514,0.0217391304347822
1951-08-01,0.1195652173913046,0.1413043478260869,0.1413043478260869,0.1521739130434776,0.0932835820895521,0.0935114503816798,0.0762463343108512,0.1188876596555111,0.1769619859317037,0.1495897102801821,0.6412243091678123,0.4795611917494267,4.586956521739121,0.1195652173913117,0.0836185819070891,0.727691959748654,0.6407482887637492,0.0755516225538839,0.0676670261110903,0.0533255191132626,0.479561191749427,0.4831932773109209,0.1195652173913046,,,0.1847826086956514,0.0217391304347822
1951-09-01,0.108695652173913,0.1195652173913046,0.0978260869565215,0.1195652173913046,0.0970149253731342,0.0801526717557248,0.075268817204301,0.0908019499279034,0.0913943861645373,0.1538532333256657,0.6706440999294718,0.5219279279279266,4.695652173913034,0.1086956521739193,0.0811735941320286,0.4865353812381272,0.6149252655175985,0.072889066126919,0.0669993241555859,0.0535613902466387,0.5219279279279271,0.5147058823529371,0.1086956521739132,,,0.1847826086956514,0.0217391304347822
1951-10-01,0.1413043478260869,0.108695652173913,0.1413043478260869,0.1413043478260869,0.0970149253731342,0.0858778625954199,0.075268817204301,0.0908019499279034,0.0977057773972025,0.1538532333256657,0.7892714393178007,0.5432727272727268,4.836956521739121,0.1413043478260931,0.0753056234718831,0.1514445066156895,0.7448004007299218,0.0760125958375121,0.0689878838136044,0.0551842523084538,0.5432727272727267,0.4977375565610816,0.1413043478260868,,,0.1847826086956514,0.0217391304347822
1951-11-01,0.1195652173913046,0.1413043478260869,0.1195652173913046,0.1304347826086953,0.0970149253731342,0.0820610687022904,0.0742913000977516,0.0908019499279034,0.0862478322176898,0.1540093833494198,0.6412243091678123,0.5219639225305343,4.956521739130426,0.1195652173913117,0.0723716381418082,0.5867193159658655,0.6768093607397141,0.0750712744677928,0.069091274616607,0.0558126455362488,0.5219639225305336,0.5147058823529371,0.1195652173913046,,,0.1847826086956514,0.0217391304347822
1951-12-01,0.1630434782608691,0.1195652173913046,0.108695652173913,0.1195652173913046,0.1156716417910459,0.0935114503816798,0.0782013685239491,0.1188876596554883,0.103063870167333,0.1730734685674805,0.8187403347805566,0.6286519246519248,5.119565217391295,0.1630434782608771,0.0713936430317838,0.0,0.8307127675367383,0.0814433878661669,0.0726627431208246,0.0582780502614417,0.6286519246519238,0.5477941176470553,0.1630434782608697,,,0.1847826086956514,0.0217391304347822
1952-01-01,0.1521739130434776,0.1630434782608691,0.1413043478260869,0.108695652173913,0.1194029850746272,0.0954198473282446,0.0821114369501465,0.1237421994304658,0.1125666350416519,0.1730734685674791,0.6708428868218901,0.6287963902989263,5.2717391304347725,0.1521739130434856,0.069437652811735,0.0222677698507141,0.8004271923311173,0.0850430221023721,0.0751007243327039,0.0601813588561235,0.6287963902989275,0.5477941176470553,0.1521739130434782,,,0.1847826086956514,0.0217391304347822
1952-02-01,0.1521739130434776,0.1521739130434776,0.1195652173913046,0.108695652173913,0.1305970149253736,0.1011450381679388,0.086021505376344,0.0343199111525115,0.1107176152321452,0.1684674697625173,0.7002633468996896,0.6287963902989263,5.42391304347825,0.1521739130434856,0.064547677261614,0.9554092315497656,0.8049915728221784,0.0880888664560846,0.0773581143437027,0.0620100278980721,0.6287963902989275,0.5656108597285023,0.1521739130434782,,,0.1847826086956514,0.0217391304347822
1952-03-01,0.0869565217391299,0.1521739130434776,0.1630434782608691,0.1847826086956514,0.1044776119402994,0.0973282442748093,0.0772238514173997,0.2059194669163256,0.1575064015938449,0.1563370680741218,0.5234439095245466,0.3530969899665547,5.51086956521738,0.0869565217391361,0.0625916870415652,0.5710665168439846,0.5987270197767494,0.0799131952270197,0.074234685860989,0.0609745028749557,0.3530969899665548,0.4846256684491933,0.0869565217391302,,,0.1847826086956514,0.0217391304347822
1952-04-01,0.0760869565217383,0.0869565217391299,0.1521739130434776,0.108695652173913,0.0783582089552235,0.0858778625954199,0.0742913000977516,0.2250507075434921,0.2154991115394004,0.1884785687389332,0.6704932378905752,0.4791299800030743,5.586956521739118,0.0760869565217454,0.0596577017114912,0.2965245173761559,0.5746651119433182,0.0712031655477005,0.0704736883812655,0.0595141730840058,0.4791299800030749,0.470588235294113,0.0760869565217388,,,0.1847826086956514,0.0217391304347822
1952-05-01,0.108695652173913,0.0760869565217383,0.1521739130434776,0.1413043478260869,0.0634328358208966,0.0839694656488543,0.0713587487781044,0.0908019499279535,0.219374147862619,0.1872784891215378,0.789725562238306,0.4794539332721155,5.6956521739130315,0.108695652173921,0.0557457212713927,0.6540744777450982,0.6910800889440196,0.0692096025063024,0.0695980855168585,0.0595073519048039,0.479453933272115,0.4017216642754632,0.1086956521739132,,,0.1847826086956514,0.0217391304347822
1952-06-01,0.108695652173913,0.108695652173913,0.0869565217391299,0.0978260869565215,0.07089552238806,0.0744274809160296,0.0723362658846529,0.1029597334581752,0.1835967847227563,0.1814568328526627,0.7002633468996896,0.5646898818695435,5.8043478260869446,0.108695652173921,0.0533007334963331,0.4256566938086052,0.7011836716754374,0.0675227414712731,0.0687873421238896,0.0595007982228255,0.5646898818695426,0.5147058823529371,0.1086956521739132,,,0.1847826086956514,0.0217391304347822
1952-07-01,0.0869565217391299,0.108695652173913,0.0760869565217383,0.1413043478260869,0.0746268656716422,0.0629770992366394,0.0674486803519069,0.0686398223054436,0.1518384114070801,0.1915177217726776,0.640924618620947,0.4369080706050395,5.8913043478260745,0.0869565217391379,0.0513447432762834,1.0,0.6284296573075316,0.0625110894706413,0.0662987856574579,0.0585636743634445,0.4369080706050396,0.4144385026737932,0.0869565217391302,,,0.1847826086956514,0.0217391304347822
1952-08-01,0.0652173913043476,0.0869565217391299,0.108695652173913,0.1195652173913046,0.0597014925373144,0.0477099236641214,0.0625610948191592,0.1188876596555482,0.0862478322176949,0.224064829534635,0.6407231288814628,0.43654873054873,5.956521739130422,0.0652173913043556,0.0513447432762834,0.727691959748654,0.5591512265185052,0.0546861528068074,0.0622566985674506,0.0567324732747946,0.4365487305487299,0.4506641366223877,0.0652173913043481,,,0.1847826086956514,0.0217391304347822
1952-09-01,0.1195652173913046,0.0652173913043476,0.108695652173913,0.108695652173913,0.0634328358208966,0.0534351145038165,0.0635386119257086,0.1495970244660266,0.1125666350416561,0.2239494266632826,0.8496210488278668,0.5646536430292767,6.076086956521727,0.1195652173913117,0.0547677261613683,0.4865353812381272,0.7321303255673719,0.057025822672581,0.0628586956849819,0.0573001519548883,0.5646536430292772,0.4733455882352911,0.1195652173913046,,,0.1847826086956514,0.0217391304347822
1952-10-01,0.0652173913043476,0.1195652173913046,0.0869565217391299,0.1413043478260869,0.0559701492537314,0.0515267175572509,0.0566959921798631,0.1715995557636322,0.127128523860116,0.2388858343257793,0.5521671120486067,0.3943622079379663,6.1413043478260745,0.0652173913043547,0.0596577017114912,0.1514445066156895,0.540154739103798,0.050044773208449,0.0590714300744172,0.0555185007646139,0.3943622079379657,0.4201680672268872,0.0652173913043481,,,0.1847826086956514,0.0217391304347822
1952-11-01,0.108695652173913,0.0652173913043476,0.0652173913043476,0.1195652173913046,0.07089552238806,0.0515267175572526,0.0557184750733137,0.1572735907015178,0.127128523860116,0.237460772006299,0.8197495084422329,0.5219279279279266,6.249999999999988,0.108695652173921,0.0586797066014677,0.5867193159658655,0.6828044226737369,0.051306347450013,0.0590404389364431,0.0556683726175437,0.5219279279279271,0.5147058823529371,0.1086956521739132,,,0.1847826086956514,0.0217391304347822
1952-12-01,0.1195652173913046,0.108695652173913,0.1195652173913046,0.1630434782608691,0.07089552238806,0.0534351145038165,0.0518084066471171,0.1572735907015178,0.1394203389831156,0.200788304036739,0.72993271103906,0.4584665446410408,6.369565217391292,0.1195652173913117,0.055256723716381,0.0,0.7361054209815201,0.0541659873706779,0.0598806775081239,0.0562777807351784,0.458466544641041,0.4779411764705852,0.1195652173913046,,,0.1847826086956514,0.0217391304347822
1953-01-01,0.1521739130434776,0.1195652173913046,0.0652173913043476,0.1521739130434776,0.1007462686567173,0.0648854961832059,0.0518084066471171,0.1237421994304857,0.1974351199254042,0.200788304036739,0.789121087810339,0.5432727272727268,6.52173913043477,0.1521739130434856,0.0542787286063566,0.0222677698507141,0.84736603415746,0.0619621447600353,0.0632654783950181,0.058259531272065,0.5432727272727267,0.568362480127181,0.1521739130434782,,,0.1847826086956514,0.0217391304347822
1953-02-01,0.1521739130434776,0.1521739130434776,0.108695652173913,0.1521739130434776,0.115671641791045,0.0801526717557248,0.0518084066471171,0.1029597334581196,0.1848179434251588,0.200788304036739,0.7002633468996896,0.5432727272727268,6.673913043478247,0.1521739130434856,0.0537897310513448,0.9554092315497656,0.8383124403560451,0.0685588933202616,0.0663995532902905,0.0601635661016235,0.5432727272727267,0.4946524064171081,0.1521739130434782,,,0.1847826086956514,0.0217391304347822
1953-03-01,0.1630434782608691,0.1521739130434776,0.1195652173913046,0.0869565217391299,0.1305970149253736,0.0877862595419856,0.0586510263929618,0.0343199111525139,0.2151437918805329,0.2331417072656397,0.7297332531288798,0.6934473426969179,6.836956521739117,0.1630434782608762,0.0498777506112473,0.5710665168439846,0.8909866947732716,0.0759329115105638,0.0701704085594201,0.0624583464909198,0.6934473426969183,0.5347593582887662,0.1630434782608697,,,0.1847826086956514,0.0217391304347822
1953-04-01,0.108695652173913,0.1630434782608691,0.1521739130434776,0.0760869565217383,0.115671641791045,0.0954198473282446,0.0615835777126108,0.1572735907014826,0.1331231784349571,0.2183505193156121,0.5531610465106942,0.6077427334570209,6.94565217391303,0.1086956521739193,0.0454767726161371,0.2965245173761559,0.7267838284968384,0.0732116952441099,0.0693172708670015,0.0623360675310546,0.6077427334570196,0.4450464396284795,0.1086956521739132,,,0.1847826086956514,0.0217391304347822
1953-05-01,0.0543478260869561,0.108695652173913,0.1521739130434776,0.108695652173913,0.0820895522388065,0.0858778625954199,0.0566959921798631,0.2972191491388331,0.239853097325753,0.2542168093913159,0.5519165262028358,0.4363681484899759,6.999999999999986,0.0543478260869623,0.0420537897310522,0.6540744777450982,0.5522551549534427,0.0619483575142467,0.0641826582101865,0.0598915158631703,0.4363681484899753,0.4610492845786932,0.0543478260869566,,,0.1847826086956514,0.0217391304347822
1953-06-01,0.0869565217391299,0.0543478260869561,0.1630434782608691,0.108695652173913,0.0559701492537323,0.0801526717557248,0.0547409579667652,0.1495970244660254,0.2594840486123259,0.2587467351285111,0.7900308940312669,0.5005108957596256,7.086956521739116,0.0869565217391361,0.0352078239608806,0.4256566938086052,0.6845899042926078,0.0577943030454655,0.0620351894410662,0.0589390697433831,0.5005108957596255,0.5316742081447925,0.0869565217391302,,,0.1847826086956514,0.0217391304347822
1953-07-01,0.0869565217391299,0.0869565217391299,0.108695652173913,0.0869565217391299,0.048507462686568,0.0687022900763354,0.0547409579667652,0.1029597334581884,0.2484362003558133,0.2587467351285111,0.7002633468996896,0.5432727272727268,7.173913043478246,0.0869565217391361,0.0264058679706602,1.0,0.7053421828129594,0.054279333879573,0.0600467924326215,0.0580239744518236,0.5432727272727267,0.4779411764705839,0.0869565217391302,,,0.1847826086956514,0.0217391304347822
1953-08-01,0.0543478260869561,0.0869565217391299,0.0543478260869561,0.0652173913043476,0.048507462686568,0.0515267175572509,0.0537634408602167,0.1029597334581884,0.2398530973257546,0.2690951350958856,0.6109530198723483,0.5217461153270347,7.228260869565202,0.0543478260869623,0.0210268948655256,0.727691959748654,0.6160963197125291,0.0459286671288694,0.0555988818820569,0.0557485244733211,0.5217461153270344,0.4298642533936614,0.0543478260869566,,,0.1847826086956514,0.0217391304347822
1953-09-01,0.0434782608695645,0.0543478260869561,0.0869565217391299,0.1195652173913046,0.0335820895522385,0.0305343511450368,0.0469208211143703,0.1237421994305395,0.1394203389831095,0.300074397578712,0.6703408311891632,0.393859131859131,7.271739130434766,0.0434782608695707,0.0176039119804389,0.4865353812381272,0.5930171450000685,0.0370705643158553,0.0506115121172854,0.0530968942350389,0.3938591318591306,0.4450464396284794,0.0434782608695651,,,0.1847826086956514,0.0217391304347822
1953-10-01,0.0434782608695645,0.0434782608695645,0.0869565217391299,0.0652173913043476,0.0186567164179107,0.0190839694656483,0.0449657869012707,0.034319911152852,0.1050181407025755,0.3172714805972229,0.7002633468996896,0.5002195033813427,7.315217391304331,0.0434782608695707,0.015647921760391,0.1514445066156895,0.6028024861387102,0.0295752465509968,0.0459935771499049,0.0505492494962975,0.500219503381342,0.4779411764705839,0.0434782608695651,,,0.1847826086956514,0.0217391304347822
1953-11-01,0.0543478260869561,0.0434782608695645,0.0543478260869561,0.108695652173913,0.0186567164179107,0.0190839694656483,0.0400782013685248,0.034319911152852,0.1050181407025755,0.3303129662923943,0.7302370122097206,0.4363681484899759,7.369565217391287,0.0543478260869623,0.0176039119804398,0.5867193159658655,0.6282411264636494,0.0250252086200744,0.0425866455091714,0.0485669259866385,0.4363681484899753,0.3906249999999962,0.0543478260869566,,,0.1847826086956514,0.0217391304347822
1953-12-01,0.0217391304347822,0.0543478260869561,0.0434782608695645,0.1195652173913046,0.0111940298507464,0.0076335877862598,0.0312805474095796,0.0908019499279957,0.1125666350416468,0.3596704180262485,0.6104957997681104,0.3511695331695307,7.391304347826069,0.0217391304347875,0.0171149144254281,0.0,0.5272551890094626,0.0157987144528064,0.0368252769657466,0.0452660998770211,0.3511695331695313,0.4264705882352892,0.0217391304347822,,,0.1847826086956514,0.0217391304347822
1954-01-01,0.0543478260869561,0.0217391304347822,0.0434782608695645,0.1521739130434776,0.0149253731343286,0.0019083969465638,0.0224828934506362,0.1029597334582191,0.0549633373312794,0.3243123390920932,0.7904928196597315,0.3521381207028267,7.445652173913025,0.0543478260869614,0.0127139364303179,0.0222677698507141,0.6496883116796077,0.0133681429985283,0.0340974786719883,0.043490958705374,0.3521381207028262,0.4006085192697738,0.0543478260869566,,,0.1847826086956514,0.0217391304347822
1954-02-01,0.1304347826086953,0.0543478260869561,0.0543478260869561,0.1521739130434776,0.0410447761194028,0.0152671755725188,0.0205278592375366,0.3050420427104198,0.2193741478626169,0.2992640796321154,0.9097209568733686,0.500798370257192,7.576086956521721,0.1304347826086997,0.0107579462102691,0.9554092315497656,0.8998869833863274,0.0238565837818409,0.0376542779997279,0.0450433260588916,0.5007983702571925,0.5336134453781459,0.1304347826086953,,,0.1847826086956514,0.0217391304347822
1954-03-01,0.108695652173913,0.1304347826086953,0.0217391304347822,0.1630434782608691,0.07089552238806,0.0267175572519091,0.0156402737047898,0.2143277764539801,0.2471814315788164,0.2295470307873938,0.6411247492390896,0.437264998983119,7.684782608695634,0.1086956521739175,0.0146699266503675,0.5710665168439846,0.8192876636697939,0.0291471102428824,0.0392097425709909,0.0456039890767518,0.4372649989831191,0.436851211072661,0.1086956521739132,,,0.1847826086956514,0.0217391304347822
1954-04-01,0.1195652173913046,0.108695652173913,0.0543478260869561,0.108695652173913,0.0932835820895521,0.0400763358778624,0.0166177908113382,0.0594438298277746,0.2621806331332054,0.2400860833646828,0.72993271103906,0.5646536430292767,7.804347826086938,0.1195652173913082,0.0195599022004904,0.2965245173761559,0.8435022017851246,0.0354158635800292,0.0415189216141866,0.0466080789018681,0.5646536430292772,0.4579831932773077,0.1195652173913046,,,0.1847826086956514,0.0217391304347822
1954-05-01,0.0869565217391299,0.1195652173913046,0.1304347826086953,0.0543478260869561,0.0783582089552235,0.0458015267175566,0.0195503421309881,0.0908019499279548,0.2484362003558183,0.238448117963478,0.6114056059890384,0.607962767607818,7.891304347826068,0.0869565217391334,0.0210268948655265,0.6540744777450982,0.7259003982353214,0.0353437312549731,0.0410502481484735,0.0461765518786032,0.6079627676078176,0.3895071542130328,0.0869565217391302,,,0.1847826086956514,0.0217391304347822
1954-06-01,0.0434782608695645,0.0869565217391299,0.108695652173913,0.0869565217391299,0.0559701492537323,0.0496183206106861,0.0156402737047898,0.2087598696029641,0.2064556502534584,0.2453722843996358,0.5811829108632339,0.4574586613160468,7.934782608695633,0.043478260869568,0.0200488997555012,0.4256566938086052,0.5861637201281447,0.0281140801148662,0.0371405549565606,0.0439002931146239,0.4574586613160464,0.4044117647058787,0.0434782608695651,,,0.1847826086956514,0.0217391304347822
1954-07-01,0.0326086956521738,0.0434782608695645,0.1195652173913046,0.0869565217391299,0.0261194029850742,0.0458015267175575,0.0107526881720438,0.1572735907015364,0.2408202342315372,0.2553557057949799,0.6702896815896586,0.4360051448268764,7.967391304347807,0.0326086956521765,0.0190709046454777,1.0,0.5464192823618497,0.0202045289723562,0.0326515345979476,0.0412478858079436,0.4360051448268759,0.4733455882352897,0.0326086956521737,,,0.1847826086956514,0.0217391304347822
1954-08-01,0.0652173913043476,0.0326086956521738,0.0869565217391299,0.0543478260869561,0.0186567164179107,0.0343511450381681,0.0117302052785923,0.0908019499279785,0.2034876161973169,0.2538015872997322,0.7903383171378838,0.5648360740510896,8.032608695652154,0.0652173913043503,0.0146699266503667,0.727691959748654,0.6720818888665754,0.0188882939236441,0.0311018364753108,0.0400957352508815,0.5648360740510908,0.4733455882352912,0.0652173913043481,,,0.1847826086956514,0.0217391304347822
1954-09-01,0.1195652173913046,0.0652173913043476,0.0434782608695645,0.0434782608695645,0.0447761194029858,0.036259541984732,0.0185728250244379,0.2402393780690775,0.2183233290430278,0.2714577332799983,0.8496210488278668,0.6944741776741767,8.152173913043459,0.1195652173913055,0.0073349633251833,0.4865353812381272,0.8795342217756321,0.0267353266945189,0.0340116011552238,0.0413158350299536,0.6944741776741777,0.5683624801271823,0.1195652173913046,,,0.1847826086956514,0.0217391304347822
1954-10-01,0.0760869565217383,0.1195652173913046,0.0326086956521738,0.0434782608695645,0.0597014925373136,0.028625954198473,0.0215053763440851,0.1572735907015252,0.1786405147783674,0.2615945166318844,0.5817863590188226,0.6080733488733482,8.228260869565197,0.0760869565217401,0.0034229828850858,0.1514445066156895,0.7498717060139732,0.026206507558661,0.0332300914314815,0.0406264333897885,0.6080733488733477,0.5495356037151652,0.0760869565217388,,,0.1847826086956514,0.0217391304347822
1954-11-01,0.0543478260869561,0.0760869565217383,0.0652173913043476,0.0543478260869561,0.0559701492537323,0.0229007633587796,0.0215053763440868,0.1816038998558871,0.1748444361060625,0.2615945166318844,0.6406218700072825,0.5432727272727268,8.282608695652154,0.0543478260869569,0.0019559902200496,0.5867193159658655,0.6766709962664628,0.0221747371650211,0.0307686031772975,0.0390332399235227,0.5432727272727267,0.5316742081447925,0.0543478260869566,,,0.1847826086956514,0.0217391304347822
1954-12-01,0.0,0.0543478260869561,0.1195652173913046,0.0217391304347822,0.0149253731343286,0.0152671755725188,0.0195503421309872,0.2143277764539835,0.2395299457257183,0.2891083831117125,0.5506507683470595,0.4999241124798587,8.282608695652154,0.0,0.0029339853300731,0.0,0.498061710487498,0.0098024690198466,0.0241447770373666,0.035175456671058,0.4999241124798589,0.4545454545454513,0.0,,,0.1847826086956514,0.0
1955-01-01,0.0543478260869561,0.0,0.0760869565217383,0.0543478260869561,0.0074626865671652,0.0190839694656483,0.0195503421309872,0.171599555763637,0.2276261401858952,0.2891083831117125,0.8511634691575913,0.5432727272727268,8.336956521739111,0.0543478260869569,0.0088019559902194,0.0222677698507141,0.6617959262828208,0.0082943968629471,0.0223562750345989,0.0337960269976829,0.5432727272727267,0.5147058823529371,0.0543478260869566,,,0.1847826086956514,0.0
1955-02-01,0.0326086956521738,0.0543478260869561,0.0543478260869561,0.1304347826086953,0.0,0.0133587786259541,0.0107526881720438,0.1495970244660385,0.2385581534708089,0.2675101320189496,0.6404183154786368,0.3514934845929786,8.369565217391285,0.0326086956521747,0.0180929095354516,0.9554092315497656,0.5499255875948243,0.0034340277591944,0.018962386522058,0.0315398654210783,0.3514934845929783,0.5287859824780937,0.0326086956521737,,,0.1847826086956514,0.0
1955-03-01,0.0434782608695645,0.0326086956521738,0.0,0.108695652173913,0.0149253731343286,0.0,0.0048875855327468,0.0594438298278092,0.1414678562042938,0.2503536975116011,0.7302883369790863,0.4149872327334246,8.41304347826085,0.0434782608695654,0.0254278728606349,0.5710665168439846,0.5679790817576631,0.0011135617722848,0.0166888312283983,0.0298375943613162,0.4149872327334247,0.4999999999999958,0.0434782608695651,,,0.1847826086956514,0.0
1955-04-01,0.0978260869565215,0.0434782608695645,0.0543478260869561,0.1195652173913046,0.0298507462686572,0.0038167938931295,0.0029325513196489,0.1910851782516398,0.1831881737062342,0.2267055444208625,0.8501316734498447,0.5005831285831278,8.510869565217371,0.0978260869565215,0.0327628361858183,0.2965245173761559,0.7298674936350906,0.0081108606723772,0.0189283577869918,0.0305291469907347,0.5005831285831274,0.4685362517099831,0.0978260869565217,,,0.1847826086956514,0.0
1955-05-01,0.0760869565217383,0.0978260869565215,0.0326086956521738,0.0869565217391299,0.044776119402984,0.0076335877862598,0.0019550342130978,0.1495970244660273,0.1974351199254013,0.2208145781227825,0.64082404450522,0.5218192107835564,8.58695652173911,0.0760869565217383,0.0440097799511001,0.6540744777450982,0.618671149515972,0.0104473440014647,0.0192641253497853,0.0302627527246563,0.5218192107835562,0.4685362517099821,0.0760869565217388,,,0.1847826086956514,0.0
1955-06-01,0.0760869565217383,0.0760869565217383,0.0434782608695645,0.0434782608695645,0.0559701492537314,0.020992366412214,0.0048875855327468,0.0686398223054631,0.1315104095617509,0.2211647211199577,0.7002633468996896,0.6080733488733482,8.663043478260848,0.0760869565217383,0.0606356968215155,0.4256566938086052,0.5702269445449382,0.0124243683568456,0.0195750212412608,0.0300068052925421,0.6080733488733477,0.4516806722689033,0.0760869565217388,,,0.1847826086956514,0.0
1955-07-01,0.1304347826086953,0.0760869565217383,0.0978260869565215,0.0326086956521738,0.067164179104477,0.0343511450381663,0.0136852394916902,0.1715995557636267,0.2079257536638337,0.2575180383428712,0.849367039130713,0.7380074719800744,8.793478260869543,0.1304347826086953,0.0787286063569681,1.0,0.6886858721153146,0.0230580052388775,0.0242075581564629,0.0320879629759742,0.7380074719800739,0.574866310160423,0.1304347826086953,,,0.1847826086956514,0.0
1955-08-01,0.1739130434782607,0.1304347826086953,0.0760869565217383,0.0652173913043476,0.1007462686567173,0.0591603053435116,0.0234604105571856,0.2680470749577141,0.2784292312694596,0.3484748508378811,0.8185405422208936,0.7585388467296472,8.967391304347803,0.1739130434782616,0.0938875305623465,0.727691959748654,0.789093725488538,0.0392243140810419,0.0319726804682733,0.0359491610016826,0.7585388467296469,0.6951871657753956,0.1739130434782611,,,0.1847826086956514,0.0
1955-09-01,0.1739130434782607,0.1739130434782607,0.0760869565217383,0.1195652173913046,0.1343283582089549,0.0820610687022904,0.0283479960899306,0.1372796446109063,0.2715729457509455,0.4026929583701749,0.7002633468996896,0.6499967239967249,9.141304347826063,0.1739130434782616,0.1075794621026888,0.4865353812381272,0.7497626742997667,0.0529034984859508,0.039162608534764,0.0396589394969719,0.6499967239967235,0.7147742818057401,0.1739130434782611,,,0.1847826086956514,0.0
1955-10-01,0.1847826086956514,0.1739130434782607,0.1304347826086953,0.0760869565217383,0.1529850746268666,0.0973282442748093,0.038123167155426,0.0343199111527523,0.3023592117657139,0.4648908558508595,0.7296345264748426,0.7581727478870322,9.326086956521713,0.1847826086956523,0.118337408312958,0.1514445066156895,0.7564391367196777,0.0662703470063688,0.0466888834068752,0.0436886500749107,0.7581727478870331,0.6922525107603955,0.1847826086956518,,,0.1847826086956514,0.0
1955-11-01,0.195652173913043,0.1847826086956514,0.1739130434782607,0.0543478260869561,0.1604477611940291,0.1183206106870224,0.0508308895405678,0.0594438298277845,0.2689612342432358,0.5110419238918866,0.7295854107899394,0.823596235391457,9.521739130434757,0.1956521739130448,0.1295843520782398,0.5867193159658655,0.7529203346264204,0.0793729113168346,0.0545265905064109,0.0480257463793174,0.8235962353914561,0.63990461049284,0.1956521739130433,,,0.195652173913043,0.0
1955-12-01,0.2282608695652177,0.195652173913043,0.1739130434782607,0.0,0.1791044776119408,0.1450381679389298,0.0713587487781044,0.1237421994305276,0.1831881737062562,0.5145450730189127,0.7880826834925184,1.0,9.749999999999973,0.2282608695652186,0.1427872860635703,0.0,0.8263769707510669,0.0958361585744844,0.0643905289190973,0.0535890012525159,1.0,0.7720588235294069,0.2282608695652177,,,0.2282608695652177,0.0
1956-01-01,0.2282608695652177,0.2282608695652177,0.1847826086956514,0.0543478260869561,0.1940298507462694,0.1622137404580144,0.0869990224828933,0.1029597334581885,0.1378682631629816,0.5371476184050968,0.7002633468996896,0.8882862757265481,9.97826086956519,0.2282608695652186,0.1530562347188269,0.0222677698507141,0.7947366493669428,0.1097665985617268,0.0735238052271398,0.0589340892679421,0.8882862757265486,0.8261245674740418,0.2282608695652177,,,0.2282608695652177,0.0
1956-02-01,0.195652173913043,0.2282608695652177,0.195652173913043,0.0326086956521738,0.1940298507462694,0.1660305343511439,0.1016617790811338,0.1029597334581885,0.1203155705957562,0.4826491142135739,0.6128816481968564,0.8678306351183054,10.173913043478233,0.195652173913043,0.1584352078239606,0.9554092315497656,0.6609608575437349,0.116177431863675,0.0793737403399905,0.0626733252118381,0.8678306351183059,0.8869485294117561,0.1956521739130433,,,0.2282608695652177,0.0
1956-03-01,0.1847826086956514,0.195652173913043,0.2282608695652177,0.0434782608695645,0.1791044776119408,0.1679389312977095,0.1143695014662764,0.1237421994305276,0.1050181407026118,0.4060068286927938,0.67099023470208,0.8240754208754196,10.358695652173884,0.1847826086956523,0.1613691931540346,0.5710665168439846,0.6207834891134141,0.1198098290952129,0.0839214128561574,0.0658005108597823,0.8240754208754197,0.798319327731084,0.1847826086956518,,,0.2282608695652177,0.0
1956-04-01,0.195652173913043,0.1847826086956514,0.2282608695652177,0.0978260869565215,0.1679104477611943,0.1698473282442734,0.1231671554252198,0.0343199111527584,0.0949402417710657,0.3785503996340564,0.7295854107899394,0.7360271186440659,10.554347826086927,0.1956521739130448,0.1628361858190716,0.2965245173761559,0.6550276524550078,0.1246755500073941,0.089001154811303,0.0692704753687039,0.736027118644067,0.8823529411764621,0.1956521739130433,,,0.2282608695652177,0.0
1956-05-01,0.2282608695652177,0.195652173913043,0.195652173913043,0.0760869565217383,0.1791044776119399,0.1755725190839685,0.1368523949169118,0.1237421994305276,0.1050181407026133,0.3189805445332198,0.7880826834925184,0.8441327561327576,10.782608695652144,0.2282608695652186,0.1623471882640599,0.6540744777450982,0.7592855081675971,0.1341691605434194,0.0963114217939971,0.0740006036148681,0.844132756132757,0.9026369168356916,0.2282608695652177,,,0.2282608695652177,0.0
1956-06-01,0.2173913043478261,0.2282608695652177,0.1847826086956514,0.0760869565217383,0.1902985074626872,0.1736641221374046,0.1495601173020517,0.0908019499279581,0.0949402417710667,0.194647843820596,0.6711361139987445,0.8226427540713263,10.99999999999997,0.2173913043478261,0.1599022004889985,0.4256566938086052,0.7336929181603544,0.1404100615884074,0.1022112534489103,0.0780798230434234,0.8226427540713259,0.8058823529411687,0.2173913043478262,,,0.2282608695652177,0.0
1956-07-01,0.2173913043478261,0.2173913043478261,0.195652173913043,0.1304347826086953,0.1977611940298507,0.171755725190839,0.1573802541544484,0.0343199111527748,0.0824269226409003,0.1299144846948559,0.7002633468996896,0.713743165210281,11.217391304347796,0.2173913043478261,0.1545232273838639,1.0,0.7435837838359731,0.1456908240110888,0.1076740605367927,0.0819990730826232,0.7137431652102819,0.888746803069046,0.2173913043478262,,,0.2282608695652177,0.0
1956-08-01,0.2065217391304346,0.2173913043478261,0.2282608695652177,0.1739130434782607,0.1902985074626864,0.1736641221374046,0.1603128054740956,0.0343199111527645,0.076847254692885,0.1137061900727411,0.6710876493849338,0.6067708238160484,11.42391304347823,0.2065217391304354,0.1511002444987772,0.727691959748654,0.721427980456415,0.148367007421708,0.1118632811779907,0.0852992134495851,0.6067708238160487,0.8455882352941099,0.2065217391304348,,,0.2282608695652177,0.0
1956-09-01,0.2065217391304346,0.2065217391304346,0.2173913043478261,0.1739130434782607,0.1865671641791051,0.1774809160305333,0.1632453567937437,0.0343199111527587,0.0462769312415076,0.0915982773170213,0.7002633468996896,0.6067708238160484,11.630434782608663,0.2065217391304354,0.1511002444987781,0.4865353812381272,0.7241444313542758,0.1506314703076174,0.1157421891791008,0.0884699365472538,0.6067708238160487,0.758513931888538,0.2065217391304348,,,0.2282608695652177,0.0
1956-10-01,0.1847826086956514,0.2065217391304346,0.2173913043478261,0.1847826086956514,0.1753731343283586,0.1755725190839685,0.1632453567937437,0.0686398223054588,0.0692110155755873,0.0915982773170213,0.6418146995451275,0.5432727272727268,11.815217391304314,0.1847826086956523,0.1491442542787284,0.1514445066156895,0.6625275573794198,0.1489632462400862,0.1175959025220008,0.0905854903781238,0.5432727272727267,0.5536332179930727,0.1847826086956518,,,0.2282608695652177,0.0
1956-11-01,0.1847826086956514,0.1847826086956514,0.2065217391304346,0.195652173913043,0.1679104477611943,0.1679389312977095,0.1622678396871943,0.0686398223054536,0.0692110155755893,0.0997756577632044,0.7002633468996896,0.5221773663175996,11.999999999999964,0.1847826086956523,0.1437652811735938,0.5867193159658655,0.6739724164665759,0.147551672029099,0.1193123037654269,0.0926180813136641,0.5221773663175991,0.5536332179930727,0.1847826086956518,,,0.2282608695652177,0.0
1956-12-01,0.1847826086956514,0.1847826086956514,0.2065217391304346,0.2282608695652177,0.16044776119403,0.1622137404580144,0.1583577712609969,0.0,0.0665307497225736,0.0962977732169338,0.7002633468996896,0.4593117889862065,12.184782608695615,0.1847826086956523,0.1388753056234719,0.0,0.6954439544319975,0.1463572630813407,0.1209015641760071,0.094570962800752,0.4593117889862058,0.5147058823529371,0.1847826086956518,,,0.2282608695652177,0.0
1957-01-01,0.1521739130434776,0.1847826086956514,0.1847826086956514,0.2282608695652177,0.1492537313432835,0.150763358778625,0.1515151515151513,0.1029597334581656,0.103063870167369,0.1255975312755388,0.6122971552289461,0.3963410852713169,12.336956521739094,0.1521739130434785,0.1369193154034231,0.0222677698507141,0.5939346566267609,0.1399701472844423,0.1197662993837989,0.0950510199233027,0.3963410852713166,0.3676470588235282,0.1521739130434782,,,0.2282608695652177,0.0
1957-02-01,0.195652173913043,0.1521739130434776,0.1847826086956514,0.195652173913043,0.1529850746268657,0.1488549618320593,0.1515151515151522,0.1237421994305116,0.0913943861645754,0.1255975312755388,0.8181429718164503,0.5432727272727268,12.532608695652137,0.195652173913043,0.1330073349633256,0.9554092315497656,0.7383073436559613,0.141734280782896,0.1221908645591183,0.0973739056454201,0.5432727272727267,0.4102167182662496,0.1956521739130433,,,0.2282608695652177,0.0
1957-03-01,0.1847826086956514,0.195652173913043,0.1847826086956514,0.1847826086956514,0.1529850746268657,0.1450381679389298,0.1515151515151513,0.1237421994305116,0.0692110155755921,0.1255975312755388,0.67099023470208,0.5432727272727268,12.717391304347787,0.1847826086956523,0.1276283618581901,0.5710665168439846,0.7233016525390177,0.1414348551037836,0.1235668982442401,0.0991402842175368,0.5432727272727267,0.3823529411764663,0.1847826086956518,,,0.2282608695652177,0.0
1957-04-01,0.1521739130434776,0.1847826086956514,0.1521739130434776,0.195652173913043,0.1529850746268657,0.1393129770992365,0.1476050830889539,0.1237421994305116,0.0949402417710701,0.1563370680741,0.6122971552289461,0.4588912834522181,12.869565217391266,0.1521739130434785,0.1242053789731052,0.2965245173761559,0.6294580608288562,0.135805032841894,0.1222342012988297,0.0994411522649203,0.458891283452218,0.3823529411764682,0.1521739130434782,,,0.2282608695652177,0.0
1957-05-01,0.1521739130434776,0.1521739130434776,0.195652173913043,0.2282608695652177,0.1380597014925371,0.1335877862595413,0.1407624633431083,0.1029597334581588,0.1050181407026169,0.1552541900548416,0.7002633468996896,0.3963410852713169,13.021739130434742,0.1521739130434785,0.1212713936430311,0.6540744777450982,0.6343728661805734,0.1310413370818341,0.1210002226456712,0.0997302215653475,0.3963410852713166,0.4102167182662517,0.1521739130434782,,,0.2282608695652177,0.0
1957-06-01,0.1847826086956514,0.1521739130434776,0.1847826086956514,0.2173913043478261,0.138059701492538,0.1335877862595413,0.1378299120234603,0.1029597334581588,0.1050181407026169,0.138242766544463,0.7886730655872601,0.4801972470125529,13.206521739130393,0.1847826086956523,0.1188264058679697,0.4256566938086052,0.7518482828724942,0.1323869796644237,0.122464452028085,0.1014041955915852,0.4801972470125533,0.4831932773109201,0.1847826086956518,,,0.2282608695652177,0.0
1957-07-01,0.2065217391304346,0.1847826086956514,0.1521739130434776,0.2173913043478261,0.1567164179104487,0.143129770992366,0.1368523949169109,0.1495970244660182,0.1203155705957613,0.1272291038796455,0.7589074746801853,0.5222475671860026,13.413043478260828,0.2065217391304354,0.116870415647921,1.0,0.8230026982753031,0.1371099083591458,0.1255580881143725,0.1039433507621172,0.5222475671860022,0.4485294117647013,0.2065217391304348,,,0.2282608695652177,0.0
1957-08-01,0.1304347826086953,0.2065217391304346,0.1521739130434776,0.2065217391304346,0.1492537313432835,0.1316793893129766,0.1300097751710662,0.2143277764539701,0.157506401593871,0.1563370680741008,0.4956930811587262,0.3958513131313119,13.543478260869524,0.1304347826086953,0.1129584352078234,0.727691959748654,0.5871786341252658,0.1285611544715932,0.1223400274834185,0.1031250360741937,0.3958513131313119,0.3110859728506747,0.1304347826086953,,,0.2282608695652177,0.0
1957-09-01,0.1630434782608691,0.1304347826086953,0.1847826086956514,0.2065217391304346,0.1417910447761192,0.1278625954198471,0.1260997067448679,0.2087598696029488,0.1499092918970124,0.1422677212175598,0.7889712433905935,0.4590319191919195,13.706521739130393,0.1630434782608709,0.1075794621026888,0.4865353812381272,0.7138831596815862,0.1267040555616914,0.1219671439234275,0.1037350529351535,0.4590319191919189,0.4006085192697738,0.1630434782608697,,,0.2282608695652177,0.0
1957-10-01,0.1521739130434776,0.1630434782608691,0.2065217391304346,0.1847826086956514,0.1231343283582084,0.1278625954198471,0.1231671554252198,0.0908019499279132,0.1499092918970124,0.1457197195848878,0.6708428868218901,0.4798808148373361,13.858695652173871,0.1521739130434793,0.1056234718826401,0.1514445066156895,0.6877500800822496,0.1233405101524312,0.1207529472980768,0.1038557339740036,0.4798808148373366,0.4006085192697738,0.1521739130434782,,,0.2282608695652177,0.0
1957-11-01,0.1521739130434776,0.1521739130434776,0.1304347826086953,0.1847826086956514,0.1305970149253736,0.1278625954198471,0.1202346041055726,0.0343199111526705,0.1499092918970124,0.146207762440737,0.7002633468996896,0.4798808148373361,14.010869565217348,0.1521739130434793,0.1075794621026897,0.5867193159658655,0.6768774971814437,0.1204944332676731,0.1196286911634931,0.1039716824230936,0.4798808148373366,0.4006085192697738,0.1521739130434782,,,0.2282608695652177,0.0
1957-12-01,0.1630434782608691,0.1521739130434776,0.1630434782608691,0.1847826086956514,0.1305970149253736,0.1240458015267176,0.118279569892473,0.0343199111526705,0.1378682631629879,0.1409357750848148,0.7297332531288798,0.501011452315801,14.173913043478217,0.1630434782608709,0.1075794621026888,0.0,0.7193630927028423,0.1198783683891422,0.1194566473309048,0.1045484974664505,0.5010114523158005,0.4674369747899133,0.1630434782608697,,,0.2282608695652177,0.0
1958-01-01,0.1304347826086953,0.1630434782608691,0.1521739130434776,0.1521739130434776,0.1231343283582093,0.1106870229007626,0.1163245356793751,0.0908019499279132,0.0692110155755904,0.157567538443541,0.6120019666662913,0.500798370257192,14.304347826086913,0.1304347826086962,0.104156479217603,0.0222677698507141,0.6218781328425926,0.1139806206508211,0.1166905452765032,0.1037064515352206,0.5007983702571925,0.4079696394686876,0.1304347826086953,,,0.2282608695652177,0.0
1958-02-01,0.1304347826086953,0.1304347826086953,0.1521739130434776,0.195652173913043,0.115671641791045,0.1106870229007634,0.1104594330400781,0.1029597334581434,0.0692110155755904,0.1538532333256402,0.7002633468996896,0.4167005615419624,14.434782608695608,0.1304347826086962,0.1046454767726157,0.9554092315497656,0.6099284767043329,0.1089902187183957,0.1141293396705753,0.1028974270130582,0.4167005615419629,0.4079696394686876,0.1304347826086953,,,0.2282608695652177,0.0
1958-03-01,0.1304347826086953,0.1304347826086953,0.1630434782608691,0.1847826086956514,0.1044776119402985,0.1049618320610683,0.1055718475073304,0.0,0.0665307497225711,0.1514960576654006,0.7002633468996896,0.4376195398804089,14.565217391304303,0.1304347826086962,0.1075794621026888,0.5710665168439846,0.605297604114849,0.10476757092942,0.1117578529984202,0.1021201289427455,0.4376195398804088,0.4674369747899116,0.1304347826086953,,,0.2282608695652177,0.0
1958-04-01,0.1630434782608691,0.1304347826086953,0.1304347826086953,0.1521739130434776,0.115671641791045,0.1068702290076339,0.1065493646138806,0.1029597334581434,0.0792735954486325,0.1525995804898953,0.7889712433905935,0.5645099057804934,14.728260869565172,0.1630434782608718,0.1085574572127132,0.2965245173761559,0.7130299721823619,0.1065710233336973,0.1121688342150966,0.1027695539265076,0.5645099057804938,0.4411764705882328,0.1630434782608697,,,0.2282608695652177,0.0
1958-05-01,0.1847826086956514,0.1630434782608691,0.1304347826086953,0.1521739130434776,0.1343283582089549,0.1125954198473273,0.1094819159335296,0.1495970244660076,0.1248909490397491,0.1649465196377681,0.7591042670552847,0.6069842627960268,14.913043478260823,0.1847826086956532,0.1075794621026897,0.6540744777450982,0.7837494865523702,0.1116813295698468,0.1142872405182933,0.1043243384483858,0.6069842627960264,0.5147058823529371,0.1847826086956518,,,0.2282608695652177,0.0
1958-06-01,0.1521739130434776,0.1847826086956514,0.1304347826086953,0.1847826086956514,0.1417910447761192,0.1106870229007626,0.1065493646138815,0.0908019499279273,0.1197337849613613,0.1525995804898953,0.6122971552289461,0.4798808148373361,15.065217391304301,0.1521739130434793,0.104156479217603,0.4256566938086052,0.6891517568447689,0.1106289727747169,0.1136419256266565,0.1044219102514221,0.4798808148373366,0.5147058823529371,0.1521739130434782,,,0.2282608695652177,0.0
1958-07-01,0.1630434782608691,0.1521739130434776,0.1630434782608691,0.2065217391304346,0.1417910447761192,0.1164122137404586,0.1026392961876832,0.0908019499279273,0.1107176152321805,0.1021188677634741,0.7297332531288798,0.4590319191919195,15.22826086956517,0.1630434782608709,0.1022004889975551,1.0,0.7245732324574448,0.1115306710489489,0.1139133459079078,0.1049810693015107,0.4590319191919189,0.5375253549695701,0.1630434782608697,,,0.2282608695652177,0.0
1958-08-01,0.1847826086956514,0.1630434782608691,0.1847826086956514,0.1304347826086953,0.1417910447761192,0.1259541984732823,0.10752688172043,0.0908019499279273,0.1075805005636153,0.1113383528299145,0.7591042670552847,0.6498167509836993,15.413043478260821,0.1847826086956523,0.1007334963325181,0.727691959748654,0.8039578705859398,0.1158779545596759,0.1159025291227484,0.1064491277302517,0.6498167509836982,0.5147058823529371,0.1847826086956518,,,0.2282608695652177,0.0
1958-09-01,0.1739130434782607,0.1847826086956514,0.1521739130434776,0.1630434782608691,0.1492537313432835,0.1335877862595413,0.1085043988269784,0.059443829827758,0.0579986831682787,0.1166170692095176,0.6709412830094437,0.5644742729306487,15.586956521739081,0.1739130434782616,0.099266503667482,0.4865353812381272,0.7752770516722371,0.1177642711986406,0.116875431362982,0.1073942016479501,0.5644742729306484,0.4411764705882325,0.1739130434782611,,,0.2282608695652177,0.0
1958-10-01,0.1630434782608691,0.1739130434782607,0.1630434782608691,0.1521739130434776,0.1492537313432853,0.1335877862595413,0.1094819159335296,0.059443829827758,0.0579986831682787,0.1168092605841362,0.6708921673245327,0.5645099057804934,15.74999999999995,0.1630434782608691,0.0982885085574576,0.1514445066156895,0.7461343636951803,0.1175682312538075,0.1169073327008014,0.1078368002511158,0.5645099057804938,0.6092436974789884,0.1630434782608697,,,0.2282608695652177,0.0
1958-11-01,0.1195652173913046,0.1630434782608691,0.1847826086956514,0.1521739130434776,0.1268656716417915,0.1221374045801528,0.1065493646138806,0.1572735907015023,0.1197337849613632,0.1409357750848087,0.5825815065884937,0.4795611917494267,15.869565217391255,0.1195652173913046,0.0943765281173591,0.5867193159658655,0.6094541327837959,0.110233735204658,0.1134611346973448,0.1064003876772368,0.479561191749427,0.3943850267379647,0.1195652173913046,,,0.2282608695652177,0.0
1958-12-01,0.1195652173913046,0.1195652173913046,0.1739130434782607,0.1630434782608691,0.1082089552238816,0.1164122137404586,0.102639296187684,0.1372796446108686,0.1556363539474146,0.1575675384435325,0.7002633468996896,0.4584665446410408,15.98913043478256,0.1195652173913046,0.089975550122249,0.0,0.6294713564943777,0.1040276231630699,0.1102702106200697,0.1050203050082165,0.458466544641041,0.4201680672268879,0.1195652173913046,,,0.2282608695652177,0.0
1959-01-01,0.1304347826086953,0.1195652173913046,0.1630434782608691,0.1304347826086953,0.0970149253731342,0.1106870229007634,0.1026392961876832,0.0343199111525919,0.1625551637656111,0.1575675384435325,0.7298825938699035,0.5432727272727268,16.119565217391255,0.1304347826086953,0.0875305623471884,0.0222677698507141,0.6726876719575721,0.1005684516133751,0.108184585359063,0.1041597568204464,0.5432727272727267,0.4545454545454497,0.1304347826086953,,,0.2282608695652177,0.0
1959-02-01,0.0978260869565215,0.1304347826086953,0.1195652173913046,0.1304347826086953,0.0895522388059699,0.0954198473282446,0.0997067448680359,0.090801949927884,0.1625551637656005,0.191123533248935,0.6115554504087896,0.479346313046145,16.217391304347775,0.0978260869565215,0.08361858190709,0.9554092315497656,0.566205347416112,0.0922649982302239,0.103646648648719,0.1019367148436236,0.4793463130461444,0.3492647058823484,0.0978260869565217,,,0.2282608695652177,0.0
1959-03-01,0.1304347826086953,0.0978260869565215,0.1195652173913046,0.1304347826086953,0.0932835820895521,0.0877862595419856,0.0997067448680359,0.102959733458125,0.1125666350416527,0.191123533248935,0.789422300491393,0.5432727272727268,16.34782608695647,0.1304347826086953,0.0787286063569681,0.5710665168439846,0.6935098812937177,0.0906154612855827,0.1020516576078129,0.1011970917603477,0.5432727272727267,0.5147058823529371,0.1304347826086953,,,0.2282608695652177,0.0
1959-04-01,0.1413043478260869,0.1304347826086953,0.1304347826086953,0.1630434782608691,0.0970149253731342,0.0839694656488543,0.0977517106549363,0.1237421994304773,0.069211015575538,0.1884785687389006,0.7298326457299896,0.5008696359568832,16.489130434782556,0.141304347826086,0.0757946210268949,0.2965245173761559,0.7416587856760479,0.0910118532794586,0.1014437481212224,0.1009518870961354,0.500869635956883,0.5411764705882319,0.1413043478260868,,,0.2282608695652177,0.0
1959-05-01,0.1195652173913046,0.1413043478260869,0.0978260869565215,0.1847826086956514,0.1044776119402994,0.0839694656488543,0.0918866080156401,0.059443829827697,0.069211015575538,0.1736423814591075,0.6412243091678123,0.4164889024019468,16.60869565217386,0.1195652173913046,0.0743276283618579,0.6540744777450982,0.6700481241410046,0.0877629538417474,0.0991430008273637,0.0997854711165704,0.4164889024019464,0.4901960784313698,0.1195652173913046,,,0.2282608695652177,0.0
1959-06-01,0.1195652173913046,0.1195652173913046,0.1304347826086953,0.1521739130434776,0.1007462686567173,0.0839694656488543,0.0889540566959921,0.0686398223053837,0.069211015575538,0.1774444091260142,0.7002633468996896,0.4795611917494267,16.728260869565165,0.1195652173913046,0.0753056234718823,0.4256566938086052,0.6696137999769896,0.0850138850867603,0.0970126792589765,0.0986647969401248,0.479561191749427,0.4044117647058779,0.1195652173913046,,,0.2282608695652177,0.0
1959-07-01,0.1413043478260869,0.1195652173913046,0.1413043478260869,0.1630434782608691,0.1007462686567173,0.0858778625954199,0.0869990224828942,0.0686398223053837,0.0800704358432903,0.1683219263147394,0.7595018408401212,0.5008696359568832,16.86956521739125,0.141304347826086,0.0757946210268949,1.0,0.7337293033349965,0.0862720580343019,0.0967780274278551,0.0985188979551372,0.500869635956883,0.4044117647058779,0.1413043478260868,,,0.2282608695652177,0.0
1959-08-01,0.1195652173913046,0.1413043478260869,0.1195652173913046,0.1847826086956514,0.1007462686567173,0.0896946564885494,0.081133919843598,0.0686398223053837,0.0415364853605683,0.1299144846948325,0.6412243091678123,0.4164889024019468,16.989130434782556,0.1195652173913046,0.0753056234718823,0.727691959748654,0.6662202672004867,0.0837523578650758,0.0948228890742459,0.0974478933144338,0.4164889024019464,0.4283887468030651,0.1195652173913046,,,0.2282608695652177,0.0
1959-09-01,0.1304347826086953,0.1195652173913046,0.1195652173913046,0.1739130434782607,0.1044776119402977,0.0896946564885494,0.0772238514174006,0.059443829827697,0.0415364853605683,0.0897647441976839,0.7298825938699035,0.4586085985482956,17.11956521739125,0.1304347826086953,0.0718826405867973,0.4865353812381272,0.715500968409092,0.0834124578996888,0.0938815098536709,0.0968843024479886,0.4586085985482952,0.4283887468030629,0.1304347826086953,,,0.2282608695652177,0.0
1959-10-01,0.1413043478260869,0.1304347826086953,0.1413043478260869,0.1630434782608691,0.1044776119402994,0.0896946564885494,0.075268817204301,0.059443829827697,0.0415364853605683,0.06079568366715,0.7298326457299896,0.5008696359568832,17.260869565217337,0.141304347826086,0.0684596577017107,0.1514445066156895,0.7659005141333175,0.0849170042606255,0.0938787964970169,0.0968082267764183,0.500869635956883,0.3943850267379631,0.1413043478260868,,,0.2282608695652177,0.0
1959-11-01,0.108695652173913,0.1413043478260869,0.1195652173913046,0.1195652173913046,0.1007462686567173,0.0877862595419856,0.0742913000977516,0.0908019499278901,0.0579986831682041,0.0679108832894566,0.6117047903018717,0.5219279279279266,17.36956521739125,0.1086956521739122,0.0704156479217594,0.5867193159658655,0.646747665661831,0.0808136198787776,0.0912694819203325,0.0953388936877095,0.5219279279279271,0.3492647058823473,0.1086956521739132,,,0.2282608695652177,0.0
1959-12-01,0.1521739130434776,0.108695652173913,0.1304347826086953,0.1195652173913046,0.1082089552238816,0.0935114503816798,0.0772238514173997,0.1237421994304822,0.0768472546928537,0.0841074412624977,0.8189408034571711,0.6073071253071246,17.521739130434728,0.1521739130434767,0.0743276283618579,0.0,0.785580928230381,0.0845101414976587,0.0923291861841004,0.0957888358735177,0.6073071253071242,0.490196078431368,0.1521739130434782,,,0.2282608695652177,0.0
1960-01-01,0.108695652173913,0.1521739130434776,0.1413043478260869,0.1304347826086953,0.0970149253731342,0.0877862595419838,0.075268817204301,0.1372796446108618,0.0884809929664506,0.0915982773169881,0.5823837219829289,0.5006551177883389,17.630434782608642,0.1086956521739122,0.077261613691931,0.0222677698507141,0.6321019827050982,0.0804693513870358,0.0898346575565209,0.0943594788986477,0.500655117788339,0.490196078431368,0.1086956521739132,,,0.2282608695652177,0.0
1960-02-01,0.108695652173913,0.108695652173913,0.108695652173913,0.0978260869565215,0.0970149253731342,0.0858778625954199,0.0762463343108512,0.1372796446108618,0.0977057773971992,0.0794458014870369,0.7002633468996896,0.5646898818695435,17.739130434782556,0.1086956521739122,0.0792176039119798,0.9554092315497656,0.6156526422568511,0.0770502212934323,0.0875249088272793,0.0929861751384795,0.5646898818695426,0.490196078431368,0.1086956521739132,,,0.2282608695652177,0.0
1960-03-01,0.0434782608695645,0.108695652173913,0.1521739130434776,0.1304347826086953,0.0597014925373136,0.0706106870229001,0.0684261974584572,0.2059194669163094,0.2225003141076164,0.1900691258374418,0.5222471620634634,0.3728022893351725,17.78260869565212,0.0434782608695636,0.0826405867970647,0.5710665168439846,0.3934546024601602,0.0634041870704855,0.0801726481776778,0.0888742448741126,0.3728022893351729,0.3492647058823491,0.0434782608695651,,,0.2282608695652177,0.0
1960-04-01,0.1521739130434776,0.0434782608695645,0.108695652173913,0.1413043478260869,0.0746268656716431,0.0725190839694649,0.0694037145650057,0.2991940489320169,0.235621404655215,0.1977375286273965,1.0,0.5645456586062648,17.934782608695595,0.1521739130434767,0.0845965770171144,0.2965245173761559,0.7505984213611008,0.0697790829675648,0.0820543401260867,0.0895777026996702,0.5645456586062644,0.5995475113122132,0.1521739130434782,,,0.2282608695652177,0.0
1960-05-01,0.1521739130434776,0.1521739130434776,0.108695652173913,0.1195652173913046,0.0895522388059699,0.0801526717557248,0.0723362658846529,0.3431991115272263,0.2558489641239513,0.2093551664079215,0.7002633468996896,0.6073071253071246,18.086956521739072,0.1521739130434767,0.0880195599021993,0.6540744777450982,0.7360444409217877,0.075173225649709,0.0837966474857241,0.0902535739438326,0.6073071253071242,0.5514705882352906,0.1521739130434782,,,0.2282608695652177,0.0
1960-06-01,0.1739130434782607,0.1521739130434776,0.0434782608695645,0.1195652173913046,0.1343283582089549,0.0839694656488543,0.0772238514173997,0.0686398223054339,0.2826379398689381,0.2365802199325173,0.7592031593580699,0.6499967239967249,18.260869565217334,0.1739130434782598,0.0924205378973095,0.4256566938086052,0.7970227530079725,0.0833218082748228,0.0871477631805524,0.0918337676178611,0.6499967239967235,0.5683624801271827,0.1739130434782611,,,0.2282608695652177,0.0
1960-07-01,0.1521739130434776,0.1739130434782607,0.1521739130434776,0.1413043478260869,0.1343283582089549,0.0916030534351151,0.0782013685239491,0.0686398223054339,0.2870655596586327,0.2410643535089769,0.6415209877493757,0.5645456586062648,18.41304347826081,0.1521739130434767,0.0958435207823962,1.0,0.7081406804131518,0.0866324547558505,0.0885127799435627,0.0924211657279769,0.5645456586062644,0.5683624801271813,0.1521739130434782,,,0.2282608695652177,0.0
1960-08-01,0.1521739130434776,0.1521739130434776,0.1521739130434776,0.1195652173913046,0.1343283582089549,0.0992366412213741,0.081133919843598,0.0686398223054339,0.2826379398689428,0.2452653665919541,0.7002633468996896,0.6073071253071246,18.565217391304287,0.1521739130434767,0.1007334963325181,0.727691959748654,0.6962274420407546,0.0894337710090278,0.0897766843537581,0.0929855286180876,0.6073071253071242,0.5683624801271813,0.1521739130434782,,,0.2282608695652177,0.0
1960-09-01,0.1739130434782607,0.1521739130434776,0.1739130434782607,0.1304347826086953,0.1343283582089549,0.1221374045801519,0.0850439882697955,0.0686398223054339,0.0451200603204351,0.2627060662322352,0.7592031593580699,0.6285079462415053,18.73913043478255,0.1739130434782598,0.1090464547677259,0.4865353812381272,0.7452664378961025,0.0953884235788615,0.0926848343546575,0.0944585868146941,0.6285079462415051,0.5683624801271825,0.1739130434782611,,,0.2282608695652177,0.0
1960-10-01,0.1413043478260869,0.1739130434782607,0.1521739130434776,0.1413043478260869,0.1305970149253736,0.1202290076335881,0.0850439882697955,0.0908019499279265,0.0589873286447327,0.2627060662322352,0.6121498081742208,0.5432727272727268,18.880434782608635,0.141304347826086,0.1139364303178487,0.1514445066156895,0.6265097051401298,0.0950505136814641,0.0927707636275601,0.0944776372463911,0.5432727272727267,0.5495356037151653,0.1413043478260868,,,0.2282608695652177,0.0
1960-11-01,0.1847826086956514,0.1413043478260869,0.1521739130434776,0.108695652173913,0.1417910447761192,0.1259541984732823,0.0918866080156401,0.1237421994305109,0.0824269226408872,0.275840648228885,0.8183414223634481,0.6929391375685788,19.065217391304287,0.1847826086956505,0.1124694376528125,0.5867193159658655,0.7695059445475643,0.1019332060179571,0.0963260640483527,0.096357594971411,0.6929391375685777,0.5954088952654186,0.1847826086956518,,,0.2282608695652177,0.0
1960-12-01,0.1739130434782607,0.1847826086956514,0.1739130434782607,0.1521739130434776,0.1417910447761192,0.1259541984732823,0.0938416422287389,0.1237421994305109,0.0824269226408872,0.2846196980400772,0.6709412830094437,0.5857470842882602,19.23913043478255,0.1739130434782598,0.111980440097799,0.0,0.7417652978395566,0.1059648685864171,0.0987490748126163,0.0976984152718083,0.5857470842882608,0.5631276901004267,0.1739130434782611,,,0.2282608695652177,0.0
1961-01-01,0.1630434782608691,0.1739130434782607,0.1413043478260869,0.108695652173913,0.1492537313432835,0.127862595419848,0.0987292277614866,0.059443829827767,0.0768472546928734,0.2745806560950365,0.6708921673245327,0.6501773060554791,19.402173913043416,0.1630434782608674,0.1110024449877746,0.0222677698507141,0.7086389506568516,0.1075841213511559,0.1001236692282407,0.0985212407916851,0.6501773060554781,0.5995475113122126,0.1630434782608697,,,0.2282608695652177,0.0
1961-02-01,0.1630434782608691,0.1630434782608691,0.1847826086956514,0.108695652173913,0.1417910447761192,0.1297709923664118,0.1036168132942334,0.0343199111527134,0.0692110155755766,0.2591551960223731,0.7002633468996896,0.6501773060554791,19.565217391304284,0.1630434782608674,0.109046454767725,0.9554092315497656,0.7041172106859932,0.1089542583059355,0.1013964418353001,0.0993117986441172,0.6501773060554781,0.5336134453781474,0.1630434782608697,,,0.2282608695652177,0.0
1961-03-01,0.1739130434782607,0.1630434782608691,0.1739130434782607,0.0434782608695645,0.1417910447761192,0.1297709923664118,0.1153470185728249,0.0343199111527134,0.0692110155755766,0.0645535201600017,0.7296838069774891,0.8024752136752153,19.739130434782545,0.1739130434782581,0.1046454767726157,0.5710665168439846,0.7578070132880761,0.111905758983938,0.1034438690597898,0.1005367678200945,0.8024752136752138,0.6387867647058775,0.1739130434782611,,,0.2282608695652177,0.0
1961-04-01,0.1304347826086953,0.1739130434782607,0.1630434782608691,0.1521739130434776,0.1305970149253736,0.1278625954198471,0.1133919843597279,0.1237421994305101,0.0949402417710565,0.0881396184918111,0.5827786285990639,0.500798370257192,19.86956521739124,0.1304347826086926,0.0997555012224946,0.2965245173761559,0.63222698884978,0.1072345665387253,0.1018638987291744,0.0998520446200936,0.5007983702571925,0.5514705882352889,0.1304347826086953,,,0.2282608695652177,0.0
1961-05-01,0.1413043478260869,0.1304347826086953,0.1630434782608691,0.1521739130434776,0.1231343283582093,0.1202290076335863,0.1124144672531768,0.1237421994305072,0.0892160446716589,0.0951931827167214,0.7298326457299896,0.5220355487649602,20.010869565217327,0.1413043478260833,0.0948655256723718,0.6540744777450982,0.6790910589662111,0.1050741731090409,0.1012698973076675,0.0996595869025585,0.5220355487649596,0.7068311195445857,0.1413043478260868,,,0.2282608695652177,0.0
1961-06-01,0.1739130434782607,0.1413043478260869,0.1739130434782607,0.1739130434782607,0.1231343283582084,0.1202290076335881,0.1124144672531768,0.1237421994305072,0.0892160446716589,0.0951931827167214,0.7888219034975115,0.5432727272727268,20.18478260869559,0.1739130434782581,0.0870415647921758,0.4256566938086052,0.8135975149482633,0.1086226099711806,0.1033266982008704,0.1008709173233031,0.5432727272727267,0.5698529411764666,0.1739130434782611,,,0.2282608695652177,0.0
1961-07-01,0.1304347826086953,0.1739130434782607,0.1304347826086953,0.1521739130434776,0.1231343283582093,0.1145038167938929,0.1104594330400789,0.1237421994305072,0.1075805005635869,0.1119336714599917,0.5827786285990639,0.500798370257192,20.315217391304284,0.1304347826086926,0.0787286063569689,1.0,0.6886858721153111,0.1044565173740839,0.1017554071931376,0.1001730902212161,0.5007983702571925,0.4674369747899118,0.1304347826086953,,,0.2282608695652177,0.0
1961-08-01,0.1304347826086953,0.1304347826086953,0.1413043478260869,0.1521739130434776,0.1194029850746272,0.1087786259541978,0.1085043988269793,0.1372796446108885,0.1131776499017058,0.1255975312755561,0.7002633468996896,0.500798370257192,20.44565217391298,0.1304347826086926,0.0718826405867965,0.727691959748654,0.7127856149706417,0.1009313620996188,0.1003005081119043,0.099502628887838,0.5007983702571925,0.4128959276018059,0.1304347826086953,,,0.2282608695652177,0.0
1961-09-01,0.0978260869565215,0.1304347826086953,0.1739130434782607,0.1739130434782607,0.0932835820895521,0.0954198473282446,0.1016617790811338,0.1029597334581469,0.1331231784349631,0.1696282566184735,0.6115554504087896,0.3951105020049726,20.5434782608695,0.0978260869565188,0.0650366748166257,0.4865353812381272,0.628284672546453,0.0925720763339681,0.0963465771235716,0.0974622193789613,0.3951105020049731,0.3921568627450955,0.0978260869565217,,,0.2282608695652177,0.0
1961-10-01,0.108695652173913,0.0978260869565215,0.1304347826086953,0.1413043478260869,0.0858208955223887,0.0916030534351151,0.0987292277614866,0.0908019499279078,0.147468321609947,0.1915177217726599,0.7299829980969254,0.4794539332721155,20.652173913043413,0.1086956521739104,0.0581907090464541,0.1514445066156895,0.6892048404240327,0.0872909885562212,0.0935544639819569,0.0959672395215252,0.479453933272115,0.4201680672268882,0.1086956521739132,,,0.2282608695652177,0.0
1961-11-01,0.108695652173913,0.108695652173913,0.1304347826086953,0.1847826086956514,0.0783582089552235,0.0858778625954199,0.091886608015641,0.0343199111526348,0.1518384114070713,0.1868770795904666,0.7002633468996896,0.3953582649234832,20.760869565217327,0.1086956521739104,0.0528117359413196,0.5867193159658655,0.7008785810785625,0.0828223758212054,0.0909691740360179,0.094530886325165,0.3953582649234826,0.3619909502262417,0.1086956521739132,,,0.2282608695652177,0.0
1961-12-01,0.0760869565217383,0.108695652173913,0.0978260869565215,0.1739130434782607,0.07089552238806,0.0687022900763345,0.0830889540566959,0.1029597334581414,0.1075805005635549,0.2174057332927668,0.6112552544815746,0.3527784376427578,20.836956521739065,0.0760869565217357,0.0459657701711488,0.0,0.6199906703697344,0.0736647798966263,0.085968584839625,0.0917546199283245,0.3527784376427574,0.3619909502262417,0.0760869565217388,,,0.2282608695652177,0.0
1962-01-01,0.0760869565217383,0.0760869565217383,0.108695652173913,0.1630434782608691,0.0597014925373136,0.0591603053435099,0.0752688172043001,0.1029597334581377,0.1107176152321238,0.2374607720062714,0.7002633468996896,0.3736603620093535,20.913043478260803,0.0760869565217357,0.0376528117359402,0.0222677698507141,0.6453263515232273,0.0659160448835214,0.0813384096577793,0.0890872267235183,0.3736603620093537,0.213903743315508,0.0760869565217388,,,0.2282608695652177,0.0
1962-02-01,0.0978260869565215,0.0760869565217383,0.108695652173913,0.1630434782608691,0.0559701492537314,0.0534351145038165,0.0694037145650057,0.0686398223053944,0.0692110155755126,0.2267055444208133,0.7599048237921006,0.4160634533251972,21.010869565217323,0.0978260869565188,0.0322738386308065,0.9554092315497656,0.723958007799407,0.0629437309972704,0.0787890785549381,0.0874552643583399,0.4160634533251973,0.3132992327365714,0.0978260869565217,,,0.2282608695652177,0.0
1962-03-01,0.0869565217391299,0.0978260869565215,0.0760869565217383,0.1739130434782607,0.0597014925373136,0.0515267175572509,0.0615835777126108,0.0594438298277094,0.0700884077627767,0.1977375286274084,0.6705436957024558,0.373944469823866,21.097826086956452,0.0869565217391272,0.0308068459657695,0.5710665168439846,0.6965537426195532,0.0586365421464849,0.0755596527232436,0.0854218869250171,0.3739444698238652,0.3132992327365714,0.0869565217391302,,,0.2282608695652177,0.0
1962-04-01,0.0652173913043476,0.0869565217391299,0.0760869565217383,0.1304347826086953,0.0559701492537314,0.0438931297709919,0.0557184750733137,0.0908019499278971,0.0768472546928128,0.2183505193155763,0.6407231288814628,0.4154198988195618,21.1630434782608,0.0652173913043459,0.0288508557457207,0.2965245173761559,0.6331093073253768,0.0514076896863677,0.0708315754802146,0.0825374225986586,0.4154198988195621,0.2764705882352938,0.0652173913043481,,,0.2282608695652177,0.0
1962-05-01,0.0869565217391299,0.0652173913043476,0.0978260869565215,0.1413043478260869,0.0522388059701501,0.0400763358778624,0.050830889540566,0.0686398223053877,0.0462769312414042,0.2069020604965453,0.7600064276709613,0.4369080706050395,21.24999999999993,0.086956521739129,0.0239608801955988,0.6540744777450982,0.7168072371851792,0.0488752764218753,0.068191594320722,0.0806969017049308,0.4369080706050396,0.311085972850676,0.0869565217391302,,,0.2282608695652177,0.0
1962-06-01,0.0760869565217383,0.0869565217391299,0.0869565217391299,0.1739130434782607,0.0485074626865662,0.0400763358778624,0.0420332355816226,0.059443829827695,0.0462769312414042,0.1327340584719128,0.6704932378905752,0.3527784376427578,21.326086956521667,0.0760869565217383,0.019070904645476,0.4256566938086052,0.6982001109944989,0.0449403111741162,0.0648782332513873,0.0784631445088841,0.3527784376427574,0.3708439897698184,0.0760869565217388,,,0.2282608695652177,0.0
1962-07-01,0.0434782608695645,0.0760869565217383,0.0652173913043476,0.1304347826086953,0.0410447761194028,0.0343511450381681,0.0342130987292277,0.1237421994304763,0.0997410976994832,0.1462077624407024,0.6108011315610771,0.3728022893351725,21.36956521739123,0.0434782608695645,0.0161369193154037,1.0,0.5917918654089576,0.0362342631233714,0.0592035041259251,0.0749207448574429,0.3728022893351729,0.2764705882352923,0.0434782608695651,,,0.2282608695652177,0.0
1962-08-01,0.0978260869565215,0.0434782608695645,0.0869565217391299,0.1304347826086953,0.0447761194029858,0.0343511450381681,0.0312805474095796,0.1495970244659891,0.0997410976994832,0.1137061900727012,0.8501316734498447,0.479346313046145,21.46739130434775,0.0978260869565215,0.0132029339853305,0.727691959748654,0.7857225696134087,0.0378283772002205,0.0582937956550724,0.0738443308007381,0.4793463130461444,0.343137254901957,0.0978260869565217,,,0.2282608695652177,0.0
1962-09-01,0.0978260869565215,0.0978260869565215,0.0760869565217383,0.0978260869565215,0.0522388059701501,0.0362595419847329,0.0312805474095796,0.1715995557635972,0.1107176152321183,0.1137061900727012,0.7002633468996896,0.5432727272727268,21.56521739130427,0.0978260869565215,0.0097799511002456,0.4865353812381272,0.7991087850781362,0.039177242957554,0.0574514729968758,0.0728101290599827,0.5432727272727267,0.4283887468030662,0.0978260869565217,,,0.2282608695652177,0.0
1962-10-01,0.0652173913043476,0.0978260869565215,0.0434782608695645,0.108695652173913,0.0597014925373136,0.036259541984732,0.0273704789833821,0.102959733458137,0.1107176152321183,0.1073099274415541,0.6111043933079883,0.4577490642465258,21.630434782608617,0.0652173913043476,0.0088019559902203,0.1514445066156895,0.696745076177212,0.0349421288341949,0.0540647424002447,0.0704202434734293,0.4577490642465258,0.3619909502262423,0.0652173913043481,,,0.2282608695652177,0.0
1962-11-01,0.0434782608695645,0.0652173913043476,0.0978260869565215,0.108695652173913,0.0410447761194028,0.028625954198473,0.0215053763440851,0.1495970244659899,0.1336572253331353,0.1144876344854715,0.640520266128418,0.4149872327334246,21.67391304347818,0.0434782608695645,0.0088019559902203,0.5867193159658655,0.6190637669428227,0.0277742626818993,0.0491910125970891,0.0671932517057314,0.4149872327334247,0.3823529411764672,0.0434782608695651,,,0.2282608695652177,0.0
1962-12-01,0.0326086956521738,0.0434782608695645,0.0978260869565215,0.0760869565217383,0.0186567164179107,0.0209923664122131,0.0175953079178894,0.0908019499278881,0.1611914861977308,0.1457197195848415,0.6702896815896586,0.4573127190270041,21.706521739130352,0.0326086956521729,0.0068459657701707,0.0,0.5952778107825907,0.0199169911444618,0.0438093657465854,0.0636273950425367,0.4573127190270044,0.3294117647058786,0.0326086956521737,,,0.2282608695652177,0.0
1963-01-01,0.0543478260869561,0.0326086956521738,0.0652173913043476,0.0760869565217383,0.0149253731343286,0.0229007633587778,0.0156402737047898,0.0594438298276863,0.1532718888582623,0.1502272326905582,0.7603133270584871,0.5002927231498668,21.76086956521731,0.0543478260869569,0.006356968215158,0.0222677698507141,0.6693701712334814,0.0168528386606983,0.0405642275431343,0.061132203080084,0.5002927231498663,0.3921568627450947,0.0543478260869566,,,0.2282608695652177,0.0
1963-02-01,0.0543478260869561,0.0543478260869561,0.0434782608695645,0.0978260869565215,0.0186567164179107,0.0152671755725188,0.0117302052785932,0.0686398223053781,0.1197337849613059,0.1397624259252504,0.7002633468996896,0.4576041088854642,21.815217391304266,0.0543478260869569,0.0048899755501219,0.9554092315497656,0.6634320843874519,0.0142600942513597,0.0375594699473467,0.0587348617828258,0.4576041088854645,0.4595588235294091,0.0543478260869566,,,0.2282608695652177,0.0
1963-03-01,0.0543478260869561,0.0543478260869561,0.0326086956521738,0.0869565217391299,0.026119402985075,0.007633587786259,0.0087976539589442,0.0,0.0451200603203534,0.1341271596575743,0.7002633468996896,0.4789121778052171,21.869565217391223,0.0543478260869569,0.0009779951100234,0.5710665168439846,0.6798811425064066,0.0120662335973049,0.0347772869882838,0.056431533869774,0.4789121778052168,0.4595588235294091,0.0543478260869566,,,0.2282608695652177,0.0
1963-04-01,0.0760869565217383,0.0543478260869561,0.0543478260869561,0.0652173913043476,0.0335820895522385,0.0095419847328246,0.0097751710654954,0.0686398223053793,0.0665307497224863,0.1363680697289738,0.7601083783207385,0.5647993392184174,21.94565217391296,0.0760869565217383,0.0,0.2965245173761559,0.7588918988573177,0.0137941980148639,0.0339390597954265,0.0551493597260854,0.5647993392184175,0.459558823529407,0.0760869565217388,,,0.2282608695652177,0.0
1963-05-01,0.0760869565217383,0.0760869565217383,0.0543478260869561,0.0869565217391299,0.0410447761194028,0.0152671755725188,0.0087976539589442,0.0686398223053808,0.0792735954485558,0.129914484694803,0.7002633468996896,0.5218192107835564,22.0217391304347,0.0760869565217383,0.0019559902200487,0.6540744777450982,0.7487679425519431,0.0152563217527994,0.0331629235057437,0.0539174669213657,0.5218192107835562,0.4859335038363127,0.0760869565217388,,,0.2282608695652177,0.0
1963-06-01,0.0434782608695645,0.0760869565217383,0.0543478260869561,0.0760869565217383,0.0373134328358206,0.0171755725190845,0.0058651026392961,0.1029597334581271,0.0589873286446625,0.13360602339688,0.6108011315610771,0.4788027210884354,22.065217391304262,0.0434782608695645,0.0039119804400966,0.4256566938086052,0.6359941919619985,0.0111170413053347,0.0298374765836619,0.0513376428615925,0.4788027210884353,0.459558823529407,0.0434782608695651,,,0.2282608695652177,0.0
1963-07-01,0.0652173913043476,0.0434782608695645,0.0760869565217383,0.0434782608695645,0.0335820895522385,0.0190839694656483,0.0078201368523957,0.0908019499278887,0.0579986831681607,0.1272291038795867,0.7602106775197517,0.586473141673141,22.13043478260861,0.0652173913043476,0.0044009779951093,1.0,0.7008540898922,0.0111988812823176,0.0284962272028241,0.0497898155573288,0.5864731416731417,0.4595588235294091,0.0652173913043481,,,0.2282608695652177,0.0
1963-08-01,0.0434782608695645,0.0652173913043476,0.0760869565217383,0.0978260869565215,0.022388059701492,0.0171755725190836,0.0029325513196489,0.068639822305379,0.0700884077627696,0.1071056969945975,0.640520266128418,0.4361869542886489,22.173913043478173,0.0434782608695645,0.0053789731051336,0.727691959748654,0.6280670324084205,0.0076838224456956,0.0255164614883671,0.0473718601784982,0.4361869542886485,0.4352941176470559,0.0434782608695651,,,0.2282608695652177,0.0
1963-09-01,0.0652173913043476,0.0434782608695645,0.0434782608695645,0.0978260869565215,0.0298507462686572,0.0190839694656483,0.0,0.0686398223053811,0.0692110155755054,0.0700945089903841,0.7602106775197517,0.4790212634822809,22.23913043478252,0.0652173913043476,0.0068459657701707,0.4865353812381272,0.6990427014943492,0.0082938499395464,0.0244952872997732,0.0459795537637681,0.4790212634822804,0.569852941176467,0.0652173913043481,,,0.2282608695652177,0.0
1963-10-01,0.0760869565217383,0.0652173913043476,0.0652173913043476,0.0652173913043476,0.0335820895522385,0.0190839694656483,0.0009775171065493,0.0908019499278887,0.0692110155755054,0.0781896278222789,0.7301348872853235,0.5647993392184174,22.31521739130426,0.0760869565217383,0.0088019559902194,0.1514445066156895,0.7331455065501835,0.0106021810736844,0.0244186897134728,0.0451072611928644,0.5647993392184175,0.4485294117647013,0.0760869565217388,,,0.2282608695652177,0.0
1963-11-01,0.0760869565217383,0.0760869565217383,0.0434782608695645,0.0434782608695645,0.0447761194029858,0.0190839694656483,0.0039100684261983,0.0343199111525896,0.0692110155755054,0.0804416499557131,0.7002633468996896,0.6080733488733482,22.391304347825997,0.0760869565217383,0.0117359413202926,0.5867193159658655,0.7191297423539709,0.0125553843410326,0.0243477660224522,0.0442691761737616,0.6080733488733477,0.4485294117647013,0.0760869565217388,,,0.2282608695652177,0.0
1963-12-01,0.0434782608695645,0.0760869565217383,0.0652173913043476,0.0326086956521738,0.0373134328358206,0.0190839694656483,0.0048875855327468,0.1029597334581264,0.0692110155755054,0.0676349412184295,0.6108011315610771,0.5649099211290981,22.43478260869556,0.0434782608695645,0.0141809290953549,0.0,0.6090265683652873,0.0088316327261468,0.0216752937287632,0.0420677164570317,0.564909921129099,0.4485294117647013,0.0434782608695651,,,0.2282608695652177,0.0
1964-01-01,0.0543478260869561,0.0434782608695645,0.0760869565217383,0.0543478260869561,0.0298507462686572,0.0171755725190836,0.0048875855327468,0.0908019499278865,0.0700884077627696,0.0676349412184295,0.7302370122097206,0.5432727272727268,22.489130434782517,0.0543478260869561,0.0146699266503667,0.0222677698507141,0.6436396569198557,0.0074729199990466,0.0200697164155219,0.0404180020861675,0.5432727272727267,0.5495356037151666,0.0543478260869566,,,0.2282608695652177,0.0
1964-02-01,0.0760869565217383,0.0543478260869561,0.0760869565217383,0.0543478260869561,0.0298507462686572,0.0229007633587778,0.0068426197458464,0.0908019499278865,0.061889112268829,0.0719716137997796,0.7601083783207385,0.5863994208294524,22.565217391304255,0.0760869565217365,0.0146699266503667,0.9554092315497656,0.7058774266678363,0.0099075480471073,0.0203209388947209,0.0397638095810526,0.5863994208294535,0.647058823529407,0.0760869565217388,,,0.2282608695652177,0.0
1964-03-01,0.0652173913043476,0.0760869565217383,0.0434782608695645,0.0543478260869561,0.0373134328358206,0.0229007633587778,0.0078201368523957,0.0594438298276907,0.061889112268829,0.0700945089903912,0.6704426084534861,0.5648360740510896,22.630434782608603,0.0652173913043459,0.0151589242053784,0.5710665168439846,0.6723282412941671,0.010175463909972,0.0196846182315821,0.0386698580917128,0.5648360740510908,0.5495356037151667,0.0652173913043481,,,0.2282608695652177,0.0
1964-04-01,0.108695652173913,0.0652173913043476,0.0543478260869561,0.0760869565217383,0.0559701492537323,0.028625954198473,0.0107526881720438,0.1237421994304826,0.1203155705957026,0.111933671459913,0.8197495084422329,0.6077427334570209,22.739130434782517,0.1086956521739122,0.0141809290953549,0.2965245173761559,0.8239191560894099,0.0175707780436082,0.0225711687115968,0.0394804610298544,0.6077427334570196,0.6585677749360576,0.1086956521739132,,,0.2282608695652177,0.0
1964-05-01,0.108695652173913,0.108695652173913,0.0760869565217383,0.0760869565217383,0.0671641791044779,0.0343511450381681,0.0136852394916902,0.1372796446108692,0.1532718888582592,0.141769357335276,0.7002633468996896,0.6077427334570209,22.84782608695643,0.1086956521739122,0.0117359413202935,0.6540744777450982,0.8274970965189006,0.0238283515413018,0.0252439006375349,0.0402592756174815,0.6077427334570196,0.6585677749360576,0.1086956521739132,,,0.2282608695652177,0.0
1964-06-01,0.0652173913043476,0.108695652173913,0.0652173913043476,0.0434782608695645,0.0671641791044779,0.0381679389312976,0.0156402737047898,0.1372796446108692,0.126572137774159,0.1300920418154109,0.5815858903422062,0.586473141673141,22.91304347826078,0.0652173913043476,0.0107579462102691,0.4256566938086052,0.6875951724061444,0.0219546053281352,0.0242429161415955,0.0391458940874969,0.5864731416731417,0.4882352941176445,0.0652173913043481,,,0.2282608695652177,0.0
1964-07-01,0.0543478260869561,0.0652173913043476,0.108695652173913,0.0652173913043476,0.048507462686568,0.0381679389312976,0.0146627565982404,0.1572735907014902,0.126572137774159,0.13412715965758,0.6703918065140537,0.5217461153270347,22.967391304347736,0.0543478260869561,0.0112469437652809,1.0,0.6432511897987645,0.0185769737391918,0.022447144575552,0.0376107609860261,0.5217461153270344,0.4638009049773727,0.0543478260869566,,,0.2282608695652177,0.0
1964-08-01,0.0543478260869561,0.0543478260869561,0.108695652173913,0.0434782608695645,0.0298507462686572,0.0343511450381681,0.0156402737047907,0.0343199111525863,0.141467856204275,0.125779588975963,0.7002633468996896,0.564872934472934,23.021739130434693,0.0543478260869561,0.0107579462102691,0.727691959748654,0.64781972339728,0.0157189777793158,0.0207843931255116,0.036135829182653,0.5648729344729342,0.5434782608695615,0.0543478260869566,,,0.2282608695652177,0.0
1964-09-01,0.0652173913043476,0.0543478260869561,0.0652173913043476,0.0652173913043476,0.0298507462686572,0.0343511450381681,0.0156402737047898,0.0343199111525863,0.141467856204275,0.125779588975963,0.7301858626102141,0.5432727272727268,23.08695652173904,0.0652173913043459,0.0102689486552565,0.4865353812381272,0.688426274824387,0.015092827529533,0.0201137425193511,0.0351841514344259,0.5432727272727267,0.5147058823529371,0.0652173913043481,,,0.2282608695652177,0.0
1964-10-01,0.0543478260869561,0.0652173913043476,0.0543478260869561,0.0760869565217383,0.0298507462686572,0.0248091603053435,0.0136852394916919,0.0343199111525863,0.1107176152321181,0.1293807256899904,0.6703918065140537,0.5002927231498668,23.141304347825997,0.0543478260869543,0.0088019559902194,0.1514445066156895,0.6603446458042512,0.0127708540634507,0.0186238356660659,0.033804380789939,0.5002927231498663,0.5462184873949545,0.0543478260869566,,,0.2282608695652177,0.0
1964-11-01,0.0434782608695645,0.0543478260869561,0.0543478260869561,0.0760869565217383,0.026119402985075,0.0133587786259541,0.0107526881720438,0.0594438298276869,0.0248899655639958,0.1382427665444127,0.6703408311891632,0.4788027210884354,23.18478260869556,0.0434782608695627,0.0068459657701716,0.5867193159658655,0.625110595408259,0.0090139532605011,0.0163753582135903,0.0320133052059077,0.4788027210884353,0.4485294117647009,0.0434782608695651,,,0.2282608695652177,0.0
1964-12-01,0.0543478260869561,0.0434782608695645,0.0652173913043476,0.0434782608695645,0.022388059701492,0.0114503816793893,0.0117302052785932,0.034319911152579,0.0161977239741399,0.1315060518059166,0.7302370122097206,0.564872934472934,23.239130434782517,0.0543478260869543,0.0068459657701707,0.0,0.6681051579179922,0.0076271912204237,0.0151623687162869,0.0307578814723425,0.5648729344729342,0.4485294117647034,0.0543478260869566,,,0.2282608695652177,0.0
1965-01-01,0.0543478260869561,0.0543478260869561,0.0543478260869561,0.0543478260869561,0.022388059701492,0.0114503816793885,0.0117302052785932,0.034319911152579,0.0161977239741399,0.1315060518059166,0.7002633468996896,0.5432727272727268,23.293478260869474,0.0543478260869543,0.0097799511002438,0.0222677698507141,0.6587677335822733,0.0064537771865129,0.014039230292858,0.0295516900420551,0.5432727272727267,0.4485294117647034,0.0543478260869566,,,0.2282608695652177,0.0
1965-02-01,0.0652173913043476,0.0543478260869561,0.0434782608695645,0.0760869565217383,0.0298507462686572,0.013358778625955,0.0107526881720438,0.0343199111525833,0.0248899655639952,0.1299144846948077,0.7301858626102141,0.5217827252112969,23.35869565217382,0.065217391304345,0.0136919315403414,0.9554092315497656,0.6725509411164339,0.0072530424125449,0.0138682213780061,0.0288582138287543,0.5217827252112973,0.5882352941176437,0.0652173913043481,,,0.2282608695652177,0.0
1965-03-01,0.0652173913043476,0.0652173913043476,0.0543478260869561,0.0652173913043476,0.0335820895522385,0.013358778625955,0.0107526881720438,0.0343199111525848,0.0248899655639952,0.1299144846948077,0.7002633468996896,0.5432727272727268,23.42391304347817,0.065217391304345,0.0151589242053784,0.5710665168439846,0.6723282412941671,0.0079293437576488,0.0137098797901806,0.0281919327610724,0.5432727272727267,0.553633217993076,0.0652173913043481,,,0.2282608695652177,0.0
1965-04-01,0.0760869565217383,0.0652173913043476,0.0543478260869561,0.108695652173913,0.0410447761194028,0.0171755725190836,0.0078201368523957,0.0343199111525878,0.04627693124141,0.0936319211572961,0.7301348872853235,0.4791299800030743,23.499999999999908,0.0760869565217357,0.0166259168704145,0.2965245173761559,0.7072296439218597,0.010293752765925,0.0144322012786641,0.0280171939549802,0.4791299800030749,0.5147058823529371,0.0760869565217388,,,0.2282608695652177,0.0
1965-05-01,0.0978260869565215,0.0760869565217383,0.0652173913043476,0.108695652173913,0.0522388059701501,0.0267175572519073,0.0068426197458464,0.0908019499278946,0.0792735954485533,0.0719716137997848,0.7599048237921006,0.5218918115161755,23.597826086956427,0.0978260869565188,0.0195599022004886,0.6540744777450982,0.7667839323464456,0.015878714590074,0.016838885611313,0.0287801348356273,0.5218918115161761,0.6314878892733504,0.0978260869565217,,,0.2282608695652177,0.0
1965-06-01,0.0760869565217383,0.0978260869565215,0.0652173913043476,0.0652173913043476,0.0559701492537314,0.0305343511450368,0.0078201368523957,0.0686398223053932,0.069211015575499,0.076409067570659,0.64082404450522,0.5647993392184174,23.673913043478166,0.0760869565217357,0.0229828850855735,0.4256566938086052,0.6860898771244273,0.017020143470285,0.0173294288908234,0.0285823292815141,0.5647993392184175,0.3823529411764661,0.0760869565217388,,,0.2282608695652177,0.0
1965-07-01,0.108695652173913,0.0760869565217383,0.0760869565217383,0.0543478260869561,0.0671641791044779,0.0400763358778624,0.0127077223851417,0.0908019499279065,0.0892160446715956,0.1150712069993535,0.789725562238306,0.6510894611645462,23.78260869565208,0.1086956521739104,0.0268948655256728,1.0,0.7764064677537377,0.023362429979258,0.0203904378405228,0.0297885215847619,0.6510894611645459,0.5147058823529371,0.1086956521739132,,,0.2282608695652177,0.0
1965-08-01,0.0869565217391299,0.108695652173913,0.0978260869565215,0.0543478260869561,0.0634328358208966,0.043893129770991,0.0156402737047898,0.0908019499279044,0.0768472546927943,0.1168092605840867,0.640924618620947,0.607962767607818,23.86956521739121,0.0869565217391272,0.0293398533007334,0.727691959748654,0.6993281833724154,0.0251446720543215,0.0214868372469343,0.030016585044521,0.6079627676078176,0.5974264705882283,0.0869565217391302,,,0.2282608695652177,0.0
1965-09-01,0.0652173913043476,0.0869565217391299,0.0760869565217383,0.0652173913043476,0.0597014925373136,0.043893129770991,0.0156402737047898,0.1188876596555056,0.0768472546927943,0.1168092605840867,0.6407231288814628,0.5432727272727268,23.934782608695556,0.0652173913043459,0.0303178484107577,0.4865353812381272,0.6264555659622602,0.0230684149929985,0.020764153742891,0.0293048776546518,0.5432727272727267,0.5536332179930756,0.0652173913043481,,,0.2282608695652177,0.0
1965-10-01,0.0869565217391299,0.0652173913043476,0.108695652173913,0.0543478260869561,0.0522388059701501,0.0458015267175575,0.0185728250244379,0.0686398223053903,0.0726753858927035,0.1150712069993554,0.7600064276709613,0.607962767607818,24.021739130434685,0.086956521739129,0.0317848410757939,0.1514445066156895,0.6982516738684694,0.0248958901428704,0.0218328704898667,0.0295519075430421,0.6079627676078176,0.6191950464396226,0.0869565217391302,,,0.2282608695652177,0.0
1965-11-01,0.0760869565217383,0.0869565217391299,0.0869565217391299,0.0434782608695645,0.048507462686568,0.0419847328244271,0.0215053763440868,0.059443829827698,0.0692110155754917,0.0945262169807594,0.6704932378905752,0.6080733488733482,24.097826086956424,0.0760869565217383,0.0327628361858183,0.5867193159658655,0.6540656645604237,0.0246500612457287,0.0219534889635584,0.0293238363925603,0.6080733488733477,0.549535603715164,0.0760869565217388,,,0.2282608695652177,0.0
1965-12-01,0.0978260869565215,0.0760869565217383,0.0652173913043476,0.0543478260869561,0.0597014925373136,0.0458015267175575,0.0254154447702843,0.0594438298277106,0.0726753858927035,0.0909136110228197,0.7599048237921006,0.6295261143861807,24.195652173912944,0.0978260869565215,0.0342298288508544,0.0,0.7286684189419752,0.0280263602268302,0.0238030408751033,0.030035536393302,0.6295261143861818,0.647058823529406,0.0978260869565217,,,0.2282608695652177,0.0
1966-01-01,0.0978260869565215,0.0978260869565215,0.0869565217391299,0.0543478260869561,0.0634328358208957,0.0438931297709919,0.0293255131964809,0.0686398223054028,0.0549633373312242,0.0794458014870168,0.7002633468996896,0.6295261143861807,24.293478260869463,0.0978260869565215,0.0356968215158914,0.0222677698507141,0.723878044093663,0.0308832285954538,0.0255155889413494,0.0307193265900931,0.6295261143861818,0.6888544891640813,0.0978260869565217,,,0.2282608695652177,0.0
1966-02-01,0.0760869565217383,0.0978260869565215,0.0760869565217383,0.0652173913043476,0.0634328358208966,0.0419847328244271,0.0303030303030302,0.0686398223054028,0.0579986831681453,0.0719716137997989,0.64082404450522,0.5647993392184174,24.3695652173912,0.0760869565217383,0.0376528117359411,0.9554092315497656,0.6348551805181906,0.0297162707056068,0.0253634134556728,0.0304454743005111,0.5647993392184175,0.5808823529411705,0.0760869565217388,,,0.2282608695652177,0.0
1966-03-01,0.0760869565217383,0.0760869565217383,0.0978260869565215,0.0652173913043476,0.0559701492537314,0.0438931297709919,0.0312805474095796,0.0686398223053955,0.0415364853604891,0.0634111969400412,0.7002633468996896,0.5647993392184174,24.44565217391294,0.0760869565217383,0.0425427872860639,0.5710665168439846,0.624113488581763,0.0287288447988123,0.0252225102281933,0.0301823613164025,0.5647993392184175,0.5808823529411705,0.0760869565217388,,,0.2282608695652177,0.0
1966-04-01,0.0978260869565215,0.0760869565217383,0.0978260869565215,0.0760869565217383,0.0559701492537314,0.0458015267175566,0.0332355816226792,0.0686398223053955,0.0496461416741814,0.0645535201598983,0.7599048237921006,0.5862527313955895,24.54347826086946,0.0978260869565215,0.0474327628361859,0.2965245173761559,0.6845473431768312,0.0314776386179014,0.0268299124164324,0.0308603936730715,0.5862527313955885,0.6092436974789858,0.0978260869565217,,,0.2282608695652177,0.0
1966-05-01,0.0978260869565215,0.0978260869565215,0.0760869565217383,0.0978260869565215,0.0634328358208957,0.0496183206106861,0.0332355816226792,0.0686398223054028,0.0451200603203216,0.0645535201598983,0.7002633468996896,0.5432727272727268,24.64130434782598,0.0978260869565215,0.0533007334963322,0.6540744777450982,0.6624561489868803,0.0338035410802062,0.0283182477759122,0.0315118365255582,0.5432727272727267,0.6092436974789858,0.0978260869565217,,,0.2282608695652177,0.0
1966-06-01,0.108695652173913,0.0978260869565215,0.0760869565217383,0.0760869565217383,0.0746268656716431,0.0515267175572509,0.0361681329423255,0.0343199111526594,0.058987328644637,0.0719716137998023,0.7299829980969254,0.6077427334570209,24.749999999999893,0.1086956521739139,0.0596577017114903,0.4256566938086052,0.6816058134612497,0.0375637664184234,0.0305652701415324,0.0326031461917857,0.6077427334570196,0.6092436974789877,0.1086956521739132,,,0.2282608695652177,0.0
1966-07-01,0.108695652173913,0.108695652173913,0.0978260869565215,0.108695652173913,0.0783582089552243,0.0534351145038156,0.0361681329423273,0.0343199111526683,0.0692110155754802,0.0719716137998023,0.7002633468996896,0.5432727272727268,24.858695652173807,0.1086956521739139,0.0645476772616131,1.0,0.6601190950631484,0.0407454955507597,0.0326458464059946,0.0336516594005127,0.5432727272727267,0.5495356037151663,0.1086956521739132,,,0.2282608695652177,0.0
1966-08-01,0.1304347826086953,0.108695652173913,0.0978260869565215,0.0869565217391299,0.0895522388059699,0.0629770992366411,0.0400782013685248,0.0686398223054325,0.0892160446715771,0.1071056969946193,0.7596020751784304,0.6290867932294082,24.989130434782503,0.1304347826086953,0.069437652811735,0.727691959748654,0.7203090451190235,0.0470220359414215,0.0363101740497349,0.0355898816287307,0.629086793229407,0.6888544891640813,0.1304347826086953,,,0.2282608695652177,0.0
1966-09-01,0.1304347826086953,0.1304347826086953,0.108695652173913,0.0652173913043476,0.0970149253731342,0.0725190839694649,0.04594330400782,0.0686398223054414,0.0692110155754579,0.1119336714599304,0.7002633468996896,0.672432398946879,25.119565217391198,0.1304347826086953,0.0733496332518326,0.4865353812381272,0.7109888771534898,0.0523329547335187,0.0397030700161602,0.0374520951421173,0.6724323989468776,0.5974264705882291,0.1304347826086953,,,0.2282608695652177,0.0
1966-10-01,0.1304347826086953,0.1304347826086953,0.108695652173913,0.0869565217391299,0.1044776119402985,0.07824427480916,0.0498533724340175,0.0,0.0665307497224302,0.1255975312755027,0.7002633468996896,0.6290867932294082,25.249999999999893,0.1304347826086953,0.0767726161369193,0.1514445066156895,0.7042395834570137,0.056826809096063,0.042844640355443,0.0392412806745863,0.629086793229407,0.7037815126050365,0.1304347826086953,,,0.2282608695652177,0.0
1966-11-01,0.1630434782608691,0.1304347826086953,0.1304347826086953,0.0760869565217383,0.115671641791045,0.0896946564885494,0.0576735092864115,0.1029597334581869,0.1030638701672558,0.1647985281951991,0.7889712433905935,0.7151927437641722,25.41304347826076,0.1630434782608709,0.0801955990220042,0.5867193159658655,0.7968871720632151,0.0660057633208577,0.0483603039901181,0.0423565428453356,0.7151927437641727,0.9117647058823444,0.1630434782608697,,,0.2282608695652177,0.0
1966-12-01,0.1521739130434776,0.1630434782608691,0.1304347826086953,0.0978260869565215,0.1231343283582093,0.0973282442748084,0.0625610948191592,0.0908019499279645,0.0977057773971162,0.1852644298337732,0.6708428868218901,0.6503585002568046,25.565217391304238,0.1521739130434793,0.0841075794621035,0.0,0.7554483694480112,0.0719804167178796,0.0525984658783453,0.0448842242798637,0.6503585002568049,0.798319327731085,0.1521739130434782,,,0.2282608695652177,0.0
1967-01-01,0.1521739130434776,0.1521739130434776,0.1304347826086953,0.0978260869565215,0.1305970149253736,0.1049618320610683,0.0674486803519061,0.0343199111528064,0.0665307497224049,0.1977375286273995,0.7002633468996896,0.6503585002568046,25.717391304347714,0.1521739130434793,0.0889975550122246,0.0222677698507141,0.7401626923098199,0.0770358926692065,0.0565226898489275,0.0473127809522537,0.6503585002568049,0.8710407239818927,0.1521739130434782,,,0.2282608695652177,0.0
1967-02-01,0.1304347826086953,0.1521739130434776,0.1630434782608691,0.0760869565217383,0.1194029850746272,0.1049618320610683,0.0723362658846529,0.0686398223054717,0.0665307497224049,0.1713577350193887,0.6413235344413073,0.6507227375798809,25.84782608695641,0.1304347826086962,0.0933985330073348,0.9554092315497656,0.6442514380421684,0.077729295041645,0.0584183624228202,0.0487152729235411,0.6507227375798799,0.6674208144796303,0.1304347826086953,,,0.2282608695652177,0.0
1967-03-01,0.108695652173913,0.1304347826086953,0.1521739130434776,0.0760869565217383,0.1044776119402994,0.1011450381679388,0.0752688172043001,0.1188876596555341,0.1030638701672484,0.1382427665444313,0.6411247492390896,0.6077427334570209,25.956521739130324,0.1086956521739148,0.0973105134474323,0.5710665168439846,0.5647501257124325,0.0747317120781012,0.0584357466664462,0.0491319380251411,0.6077427334570196,0.5588235294117608,0.1086956521739132,,,0.2282608695652177,0.0
1967-04-01,0.1413043478260869,0.108695652173913,0.1521739130434776,0.0978260869565215,0.1007462686567173,0.1030534351145036,0.0791788856304984,0.0908019499279336,0.099741097699424,0.1255975312755073,0.7892714393178007,0.6289413456599879,26.09782608695641,0.1413043478260887,0.1022004889975551,0.2965245173761559,0.660677823197048,0.0775717577962051,0.0610586453977344,0.0509285040956433,0.6289413456599888,0.7628676470588185,0.1413043478260868,,,0.2282608695652177,0.0
1967-05-01,0.1304347826086953,0.1413043478260869,0.1304347826086953,0.0978260869565215,0.1007462686567173,0.0973282442748093,0.0821114369501465,0.0908019499279336,0.0800704358431935,0.1040085489586536,0.670743828033749,0.6075241910631741,26.228260869565105,0.1304347826086962,0.1061124694376527,0.6540744777450982,0.6088353311914432,0.0781827193798738,0.0626183212643081,0.0521892030024844,0.6075241910631729,0.7093425605536279,0.1304347826086953,,,0.2282608695652177,0.0
1967-06-01,0.1630434782608691,0.1304347826086953,0.108695652173913,0.108695652173913,0.1194029850746272,0.0992366412213741,0.0869990224828942,0.0908019499279653,0.0970200611255878,0.1071056969946309,0.7889712433905935,0.6501773060554791,26.391304347825972,0.1630434782608718,0.1090464547677259,0.4256566938086052,0.7100798443647989,0.0840761489456207,0.0666692677946221,0.0547967035133156,0.6501773060554781,0.7352941176470534,0.1630434782608697,,,0.2282608695652177,0.0
1967-07-01,0.1630434782608691,0.1630434782608691,0.1413043478260869,0.108695652173913,0.1268656716417915,0.1011450381679388,0.0918866080156401,0.1029597334582051,0.1107176152320643,0.0997756577631754,0.7002633468996896,0.6501773060554791,26.55434782608684,0.1630434782608718,0.1095354523227394,1.0,0.7021200587515573,0.0890628970397129,0.0704201442115799,0.057301949102154,0.6501773060554781,0.7352941176470534,0.1630434782608697,,,0.2282608695652177,0.0
1967-08-01,0.1739130434782607,0.1630434782608691,0.1304347826086953,0.1304347826086953,0.1417910447761192,0.1087786259541978,0.0957966764418376,0.0343199111528783,0.1336572253330837,0.1160391148898139,0.7296838069774891,0.6285079462415053,26.7282608695651,0.1739130434782625,0.1095354523227376,0.727691959748654,0.741049169348905,0.095074607143287,0.0747621120007888,0.0601743633582083,0.6285079462415051,0.7352941176470534,0.1739130434782611,,,0.2282608695652177,0.0
1967-09-01,0.1739130434782607,0.1739130434782607,0.1630434782608691,0.1304347826086953,0.1455223880597014,0.1202290076335863,0.0997067448680359,0.0343199111528945,0.0892160446715236,0.1250501854953019,0.7002633468996896,0.6285079462415053,26.902173913043363,0.1739130434782625,0.1134474327628369,0.4865353812381272,0.7317890470901531,0.1001614387693887,0.0787824525463527,0.0629341339179472,0.6285079462415051,0.7352941176470534,0.1739130434782611,,,0.2282608695652177,0.0
1967-10-01,0.195652173913043,0.1739130434782607,0.1630434782608691,0.1304347826086953,0.1567164179104487,0.1297709923664118,0.1055718475073321,0.0686398223055566,0.1125666350415448,0.1514960576653886,0.7590057060499995,0.6711255557258932,27.097826086956406,0.1956521739130448,0.1163814180929092,0.1514445066156895,0.7982703976004935,0.1080499889624659,0.0842428582281495,0.0665165053657643,0.6711255557258928,0.7352941176470534,0.1956521739130433,,,0.2282608695652177,0.0
1967-11-01,0.1847826086956514,0.195652173913043,0.1739130434782607,0.1630434782608691,0.1604477611940309,0.1393129770992365,0.10752688172043,0.0594438298279026,0.0549633373310905,0.1643539247849616,0.67099023470208,0.5856758185885677,27.28260869565206,0.1847826086956532,0.119804400977995,0.5867193159658655,0.7470386256667823,0.1129327620249593,0.0884298553451943,0.0694929780664956,0.5856758185885688,0.6888544891640813,0.1847826086956518,,,0.2282608695652177,0.0
1967-12-01,0.195652173913043,0.1847826086956514,0.1739130434782607,0.1521739130434776,0.1679104477611943,0.1450381679389316,0.1114369501466274,0.0343199111529923,0.0579986831680043,0.1847243591201231,0.7295854107899394,0.6282214413037935,27.4782608695651,0.1956521739130456,0.1246943765281178,0.0,0.7745015192576226,0.1188564932556408,0.0931756385974473,0.0728181399398604,0.6282214413037934,0.7132352941176417,0.1956521739130433,,,0.2282608695652177,0.0
1968-01-01,0.1195652173913046,0.195652173913043,0.195652173913043,0.1521739130434776,0.1417910447761192,0.1374045801526708,0.1085043988269793,0.2250507075435173,0.1588967557995552,0.2038016040377775,0.4953515615164224,0.4795611917494267,27.597826086956406,0.1195652173913073,0.127628361858191,0.0222677698507141,0.5147718758107978,0.1113238030523628,0.0914873438609058,0.0727550081625016,0.479561191749427,0.4044117647058791,0.1195652173913046,,,0.2282608695652177,0.0
1968-02-01,0.1630434782608691,0.1195652173913046,0.1847826086956514,0.1304347826086953,0.1343283582089558,0.135496183206107,0.1114369501466283,0.208759869602974,0.1611914861976655,0.1942588223893999,0.8187403347805566,0.6071991414993114,27.760869565217273,0.1630434782608736,0.1281173594132036,0.9554092315497656,0.645949422968858,0.1121186043608029,0.0933998442729535,0.0745560065101953,0.6071991414993105,0.5392156862745061,0.1630434782608697,,,0.2282608695652177,0.0
1968-03-01,0.1630434782608691,0.1630434782608691,0.195652173913043,0.108695652173913,0.1231343283582093,0.1335877862595413,0.1163245356793751,0.1372796446109154,0.1625551637655115,0.153853233325628,0.7002633468996896,0.6501773060554791,27.92391304347814,0.1630434782608736,0.1266503667481657,0.5710665168439846,0.6547273985098876,0.1127911285448677,0.095170677987812,0.0762863774717041,0.6501773060554781,0.5392156862745061,0.1630434782608697,,,0.2282608695652177,0.0
1968-04-01,0.1521739130434776,0.1630434782608691,0.1195652173913046,0.1413043478260869,0.1343283582089549,0.1259541984732823,0.1173020527859245,0.034319911152857,0.1474683216098699,0.1476644555824442,0.6708428868218901,0.5645456586062648,28.076086956521618,0.1521739130434829,0.1237163814180926,0.2965245173761559,0.6309452669183422,0.1115680334458888,0.0959414047650994,0.0774834771561785,0.5645456586062644,0.5656108597285033,0.1521739130434782,,,0.2282608695652177,0.0
1968-05-01,0.195652173913043,0.1521739130434776,0.1630434782608691,0.1304347826086953,0.1455223880597014,0.1278625954198471,0.1231671554252198,0.1237421994305642,0.1611914861976729,0.1377333978596566,0.8181429718164503,0.6711255557258932,28.27173913043466,0.1956521739130474,0.1207823960880194,0.6540744777450982,0.7790957857183045,0.117701722919504,0.1001307769492116,0.0804952861240648,0.6711255557258928,0.7037815126050365,0.1956521739130433,,,0.2282608695652177,0.0
1968-06-01,0.2065217391304346,0.195652173913043,0.1630434782608691,0.1630434782608691,0.1604477611940309,0.1297709923664118,0.1270772238514173,0.1572735907015699,0.1782221541963002,0.1558736939639325,0.7295364590972993,0.6280789099044113,28.478260869565094,0.2065217391304381,0.1188264058679697,0.4256566938086052,0.8234942890117125,0.1246839218826751,0.1048787593376383,0.0838543985286177,0.6280789099044124,0.6674208144796334,0.2065217391304348,,,0.2282608695652177,0.0
1968-07-01,0.1847826086956514,0.2065217391304346,0.1521739130434776,0.1630434782608691,0.1716417910447765,0.1412213740458021,0.129032258064516,0.0594438298279369,0.1125666350415318,0.1552541900548242,0.6418146995451275,0.5856758185885677,28.663043478260747,0.184782608695655,0.119804400977995,1.0,0.7423790101556058,0.1270076283420591,0.1075371711873138,0.0861509538504137,0.5856758185885688,0.6372549019607795,0.1847826086956518,,,0.2282608695652177,0.0
1968-08-01,0.1630434782608691,0.1847826086956514,0.195652173913043,0.1739130434782607,0.1604477611940291,0.1412213740458003,0.1280547409579675,0.1188876596556061,0.1125666350415318,0.1575675384435264,0.6416192191191958,0.5221066950916187,28.826086956521614,0.1630434782608736,0.1237163814180926,0.727691959748654,0.661901938927052,0.1253895334520844,0.108260795501109,0.087426620994659,0.5221066950916188,0.5147058823529371,0.1630434782608697,,,0.2282608695652177,0.0
1968-09-01,0.1521739130434776,0.1630434782608691,0.2065217391304346,0.1739130434782607,0.1417910447761192,0.1393129770992356,0.1260997067448679,0.0908019499280023,0.1248909490396097,0.1647985281952116,0.6708428868218901,0.5009406629105105,28.97826086956509,0.1521739130434829,0.1271393643031784,0.4865353812381272,0.618408945648742,0.1222282222135326,0.1080618839440781,0.0881868483841161,0.500940662910511,0.4901960784313682,0.1521739130434782,,,0.2282608695652177,0.0
1968-10-01,0.1521739130434776,0.1521739130434776,0.1847826086956514,0.195652173913043,0.1305970149253736,0.1393129770992356,0.1221896383186704,0.0343199111528463,0.1248909490396097,0.1612148019787907,0.7002633468996896,0.4588912834522181,29.130434782608567,0.1521739130434829,0.1310513447432759,0.1514445066156895,0.6102848504730218,0.1195532665501435,0.1078777065764571,0.0889172629347703,0.458891283452218,0.4638009049773709,0.1521739130434782,,,0.2282608695652177,0.0
1968-11-01,0.1630434782608691,0.1521739130434776,0.1630434782608691,0.1847826086956514,0.1305970149253736,0.1335877862595413,0.1202346041055726,0.0343199111528463,0.1125666350415408,0.1575675384435278,0.7297332531288798,0.501011452315801,29.293478260869435,0.1630434782608736,0.1330073349633256,0.5867193159658655,0.6352208286924395,0.119081996551233,0.1085761060466117,0.0900844473698256,0.5010114523158005,0.4901960784313682,0.1630434782608697,,,0.2282608695652177,0.0
1968-12-01,0.1739130434782607,0.1630434782608691,0.1521739130434776,0.195652173913043,0.138059701492538,0.1278625954198471,0.118279569892473,0.0594438298278567,0.0549633373311142,0.1449035207947225,0.7296838069774891,0.5010820053624738,29.467391304347696,0.1739130434782643,0.1330073349633256,0.0,0.6775634198271803,0.1204753836530345,0.1100917062924855,0.0916712734585214,0.501082005362473,0.4638009049773729,0.1739130434782611,,,0.2282608695652177,0.0
1969-01-01,0.1630434782608691,0.1739130434782607,0.1521739130434776,0.1195652173913046,0.1417910447761192,0.1240458015267176,0.1221896383186704,0.0343199111528917,0.0248899655637868,0.1021188677634667,0.6708921673245327,0.6286519246519248,29.630434782608564,0.1630434782608718,0.1349633251833744,0.0222677698507141,0.6356122250613723,0.1198622494844485,0.1106261057836759,0.0927304574808802,0.6286519246519238,0.4638009049773729,0.1630434782608697,,,0.2282608695652177,0.0
1969-02-01,0.2065217391304346,0.1630434782608691,0.1630434782608691,0.1630434782608691,0.1567164179104487,0.1316793893129775,0.1260997067448679,0.1237421994305749,0.1056632849553753,0.1255975312755226,0.8179451872108836,0.6280789099044113,29.836956521738998,0.2065217391304363,0.1398533007334963,0.9554092315497656,0.7531339008295745,0.1265120597453206,0.1145966564065856,0.095609759243989,0.6280789099044124,0.5375253549695702,0.2065217391304348,,,0.2282608695652177,0.0
1969-03-01,0.195652173913043,0.2065217391304346,0.1739130434782607,0.1630434782608691,0.1641791044776122,0.1393129770992365,0.1290322580645169,0.123742199430581,0.1107176152320275,0.1315060518059502,0.6710390232224086,0.6068773642464895,30.03260869565204,0.1956521739130448,0.1471882640586805,0.5710665168439846,0.6994265792514902,0.1303466682497926,0.1174041580987355,0.0979107336201972,0.6068773642464906,0.7161125319693027,0.1956521739130433,,,0.2282608695652177,0.0
1969-04-01,0.2065217391304346,0.195652173913043,0.1630434782608691,0.1521739130434776,0.1791044776119408,0.1488549618320611,0.1339198435972628,0.0343199111530015,0.1075805005634429,0.1341271596576111,0.7295364590972993,0.6494586198115602,30.239130434782474,0.2065217391304354,0.1555012224938874,0.2965245173761559,0.7129002953685024,0.1353834910083042,0.1208726307723822,0.1005868872994106,0.6494586198115604,0.647058823529406,0.2065217391304348,,,0.2282608695652177,0.0
1969-05-01,0.1847826086956514,0.2065217391304346,0.2065217391304346,0.195652173913043,0.1716417910447765,0.1526717557251906,0.1329423264907134,0.059443829827919,0.0884809929662949,0.1300920418154427,0.6418146995451275,0.5221773663175996,30.423913043478127,0.1847826086956523,0.1628361858190707,0.6540744777450982,0.615418112754174,0.1360611099098978,0.1223463114046694,0.1022272665909804,0.5221773663175991,0.574866310160422,0.1847826086956518,,,0.2282608695652177,0.0
1969-06-01,0.2173913043478261,0.1847826086956514,0.195652173913043,0.2065217391304346,0.1791044776119399,0.1603053435114496,0.1339198435972628,0.0908019499280447,0.0997410976993634,0.1422677212175434,0.7882295385704351,0.5643329292929293,30.64130434782595,0.217391304347827,0.1682151589242053,0.4256566938086052,0.7084470978588548,0.1420109418215807,0.1263176327180515,0.1051995580596871,0.564332929292929,0.6801470588235239,0.2173913043478262,,,0.2282608695652177,0.0
1969-07-01,0.2173913043478261,0.2173913043478261,0.2065217391304346,0.1847826086956514,0.1828358208955229,0.1698473282442734,0.1368523949169118,0.1029597334582672,0.0549633373310495,0.1625659666539058,0.7002633468996896,0.6066646397081189,30.858695652173775,0.217391304347827,0.1745721271393634,1.0,0.6827235630679063,0.1470454149776205,0.1299947820822939,0.1080552890786412,0.6066646397081183,0.5808823529411725,0.2173913043478262,,,0.2282608695652177,0.0
1969-08-01,0.2391304347826084,0.2173913043478261,0.1847826086956514,0.1630434782608691,0.2014925373134328,0.1755725190839685,0.1436950146627573,0.0686398223056059,0.0970200611255122,0.1946478438205806,0.7586147419292011,0.6916835468781768,31.097826086956385,0.2391304347826102,0.1804400977995106,0.727691959748654,0.7390445295276074,0.154889661849876,0.1351374181517561,0.1117298578304106,0.6916835468781763,0.6092436974789858,0.2391304347826084,,,0.2391304347826084,0.0
1969-09-01,0.2391304347826084,0.2391304347826084,0.2173913043478261,0.1521739130434776,0.2089552238805962,0.1832061068702293,0.1515151515151513,0.0686398223056148,0.1075805005634177,0.2007883040366992,0.7002633468996896,0.7131701553348603,31.336956521738994,0.2391304347826102,0.1858190709046452,0.4865353812381272,0.7254622431243547,0.1615271015110151,0.1398991182160731,0.1152603258468163,0.7131701553348602,0.6888544891640813,0.2391304347826084,,,0.2391304347826084,0.0
1969-10-01,0.25,0.2391304347826084,0.2173913043478261,0.1521739130434776,0.2201492537313436,0.1908396946564883,0.1603128054740956,0.0343199111530896,0.1265721377740463,0.2019226089840038,0.7293422759318112,0.7344073338426269,31.586956521738994,0.2500000000000026,0.1921760391198033,0.1514445066156895,0.7454585272516496,0.1689355506328596,0.1451770338269113,0.1191177577293567,0.7344073338426271,0.8088235294117562,0.2499999999999999,,,0.25,0.0
1969-11-01,0.2282608695652177,0.25,0.2391304347826084,0.1630434782608691,0.2164179104477606,0.1984732824427473,0.1661779081133918,0.0594438298279723,0.0579986831679413,0.1814568328526258,0.642201776679929,0.670482001220255,31.815217391304213,0.2282608695652213,0.1975550122249396,0.5867193159658655,0.6534342117107599,0.1716199303034287,0.1483261245862266,0.1218930905888289,0.670482001220256,0.7585139318885397,0.2282608695652177,,,0.25,0.0
1969-12-01,0.2282608695652177,0.2282608695652177,0.2391304347826084,0.1739130434782607,0.2126865671641802,0.2003816793893129,0.1710654936461386,0.0686398223056206,0.0462769312411453,0.1636108087123775,0.7002633468996896,0.6491028881782647,32.04347826086943,0.2282608695652213,0.2004889975550119,0.0,0.6511847079032478,0.173891328486218,0.1512419493633716,0.1245595868655771,0.6491028881782646,0.7585139318885397,0.2282608695652177,,,0.25,0.0
1970-01-01,0.25,0.2282608695652177,0.25,0.1630434782608691,0.2126865671641802,0.2061068702290081,0.1788856304985344,0.0686398223056206,0.0351237166891291,0.1299144846948386,0.7585178127015758,0.7128850925360987,32.29347826086943,0.2500000000000026,0.2024449877750616,0.0222677698507141,0.7158611426556085,0.1793975888426464,0.1556796552595942,0.1280523418454215,0.7128850925360981,0.7794117647058759,0.2499999999999999,,,0.25,0.0
1970-02-01,0.25,0.25,0.2282608695652177,0.2065217391304346,0.2201492537313436,0.2080152671755719,0.1827956989247319,0.0686398223056294,0.0415364853602247,0.1368812719256773,0.7002633468996896,0.627513535353534,32.54347826086943,0.2500000000000026,0.2039119804400986,0.9554092315497656,0.7009284967627885,0.1840567322211628,0.1597886422005423,0.1314081260417428,0.6275135353535345,0.7585139318885382,0.2499999999999999,,,0.25,0.0
1970-03-01,0.2717391304347822,0.25,0.2282608695652177,0.195652173913043,0.2350746268656722,0.2137404580152671,0.1896383186705765,0.0686398223056514,0.079273595448363,0.1495897102801391,0.7583249171194542,0.6909402539586169,32.81521739130421,0.2717391304347858,0.2034229828850859,0.5710665168439846,0.7775140856587548,0.1915833923585923,0.1653311278780647,0.1355631380423556,0.690940253958618,0.8455882352941118,0.2717391304347828,,,0.2717391304347822,0.0
1970-04-01,0.2717391304347822,0.2717391304347822,0.25,0.2065217391304346,0.2425373134328357,0.2175572519083966,0.1955034213098727,0.0686398223056608,0.0997410976993175,0.1589429236267655,0.7002633468996896,0.6696339393939391,33.08695652173899,0.2717391304347858,0.2029339853300733,0.2965245173761559,0.7820960252664264,0.1979521047825692,0.1704630590609559,0.1395552083958851,0.6696339393939392,0.7628676470588185,0.2717391304347828,,,0.2717391304347822,0.0
1970-05-01,0.2391304347826084,0.2717391304347822,0.25,0.1847826086956514,0.2388059701492544,0.2194656488549613,0.2003910068426195,0.1029597334583127,0.0862478322174692,0.1054618431471211,0.6134584250859836,0.648925914665046,33.3260869565216,0.2391304347826102,0.2039119804400977,0.6540744777450982,0.6689308035384762,0.1979645532232945,0.1726080449838507,0.1419944861940365,0.6489259146650446,0.6617647058823473,0.2391304347826084,,,0.2717391304347822,0.0
1970-06-01,0.2282608695652177,0.2391304347826084,0.2717391304347822,0.2173913043478261,0.2238805970149266,0.2194656488549613,0.2013685239491698,0.123742199430622,0.0862478322174692,0.0962977732168985,0.6711844178675719,0.564297887359451,33.55434782608682,0.2282608695652195,0.2058679706601465,0.4256566938086052,0.6302231304216619,0.1961829324953354,0.1737252089908008,0.1438726924470508,0.5642978873594512,0.5882352941176437,0.2282608695652177,,,0.2717391304347822,0.0
1970-07-01,0.25,0.2282608695652177,0.2717391304347822,0.2173913043478261,0.2164179104477623,0.2194656488549613,0.204301075268817,0.0594438298279813,0.0862478322174692,0.0801934332438053,0.7585178127015758,0.6063482075328992,33.80434782608682,0.2500000000000009,0.2068459657701709,1.0,0.6915788875030664,0.1982597153118988,0.1764974882479544,0.1466080707374262,0.6063482075328985,0.7352941176470553,0.2499999999999999,,,0.2717391304347822,0.0
1970-08-01,0.2391304347826084,0.25,0.2391304347826084,0.2391304347826084,0.2164179104477623,0.2175572519083974,0.204301075268817,0.0594438298279813,0.0913943861643279,0.0801934332438053,0.6712325617898073,0.5432727272727268,34.04347826086943,0.2391304347826093,0.2053789731051347,0.727691959748654,0.6636855015618117,0.1982248390558041,0.1781954794162565,0.1487707656986545,0.5432727272727267,0.5974264705882297,0.2391304347826084,,,0.2717391304347822,0.0
1970-09-01,0.2282608695652177,0.2391304347826084,0.2282608695652177,0.2391304347826084,0.2164179104477623,0.2099236641221376,0.2033235581622685,0.0594438298279813,0.0792735954483665,0.086257608825967,0.6711844178675719,0.5223173023770049,34.271739130434646,0.2282608695652186,0.2009779951100245,0.4865353812381272,0.6442501403583734,0.1964031743536125,0.1788987593911768,0.1503832355005077,0.5223173023770045,0.5536332179930764,0.2282608695652177,,,0.2717391304347822,0.0
1970-10-01,0.25,0.2282608695652177,0.25,0.25,0.2164179104477606,0.2061068702290063,0.2033235581622676,0.0594438298279813,0.035123716689125,0.086257608825967,0.7585178127015758,0.5432727272727268,34.521739130434646,0.25,0.1955990220048908,0.1514445066156895,0.7350977308897662,0.1984460738073643,0.1812878126927479,0.1528632983770208,0.5432727272727267,0.5536332179930764,0.2499999999999999,,,0.2717391304347822,0.0
1970-11-01,0.25,0.25,0.2391304347826084,0.2282608695652177,0.2201492537313436,0.2080152671755728,0.2052785923753672,0.0686398223056372,0.041536485360221,0.0794458014870313,0.7002633468996896,0.5852531964159855,34.771739130434646,0.25,0.1926650366748168,0.5867193159658655,0.7390698403656977,0.2001746810374634,0.1834998990830918,0.1552461038858297,0.5852531964159856,0.5536332179930764,0.2499999999999999,,,0.2717391304347822,0.0
1970-12-01,0.25,0.25,0.2282608695652177,0.2282608695652177,0.2276119402985079,0.2118320610687023,0.2072336265884642,0.0,0.0309503609216011,0.070094508990423,0.7002633468996896,0.5852531964159855,35.021739130434646,0.25,0.1902200488997563,0.0,0.7530922239622875,0.2016373486937004,0.1855481272222992,0.1575354660413506,0.5852531964159856,0.5147058823529371,0.2499999999999999,,,0.2717391304347822,0.0
1971-01-01,0.25,0.25,0.25,0.25,0.2276119402985079,0.2118320610687014,0.2072336265884651,0.0,0.0309503609216011,0.070094508990423,0.7002633468996896,0.5432727272727268,35.271739130434646,0.25,0.1867970660146714,0.0222677698507141,0.7632182389294364,0.20287499055667,0.1874446347586014,0.1597350492888116,0.5432727272727267,0.6092436974789861,0.2499999999999999,,,0.2717391304347822,0.0
1971-02-01,0.2173913043478261,0.25,0.25,0.25,0.2164179104477606,0.2080152671755719,0.204301075268817,0.1029597334582925,0.0665307497222711,0.0915982773169845,0.6131709915700466,0.4805105358217939,35.489130434782474,0.2173913043478261,0.1848410757946217,0.9554092315497656,0.6521855532866496,0.1985457639073118,0.1865938580457653,0.1604521335928979,0.4805105358217941,0.4757785467127979,0.2173913043478262,,,0.2717391304347822,0.0
1971-03-01,0.2065217391304346,0.2173913043478261,0.25,0.2717391304347822,0.2014925373134328,0.2041984732824424,0.1984359726295217,0.1237421994306018,0.1030638701671531,0.1021188677634507,0.6710876493849338,0.4181626162616255,35.69565217391291,0.2065217391304354,0.1838630806845964,0.5710665168439846,0.6239630628215558,0.193090418103127,0.1849371677603732,0.1606756833516138,0.4181626162616252,0.3492647058823491,0.2065217391304348,,,0.2717391304347822,0.0
1971-04-01,0.2173913043478261,0.2065217391304346,0.25,0.2717391304347822,0.1902985074626864,0.1984732824427491,0.1935483870967731,0.0343199111530045,0.1050181407024099,0.0853063747473046,0.7294876705769706,0.4390143014301419,35.91304347826074,0.217391304347827,0.1819070904645476,0.2965245173761559,0.6684463421602516,0.1902665102927745,0.1842721293437028,0.1613558800453951,0.4390143014301424,0.3979238754325229,0.2173913043478262,,,0.2717391304347822,0.0
1971-05-01,0.2282608695652177,0.2173913043478261,0.2173913043478261,0.2391304347826084,0.1940298507462694,0.1946564885496178,0.1925708699902246,0.0594438298279368,0.0913943861643512,0.086020450063383,0.7294390444144454,0.5223173023770049,36.14130434782596,0.2282608695652186,0.1804400977995115,0.6540744777450982,0.7043682797942736,0.1896692038618175,0.184525287101775,0.1624748159512963,0.5223173023770045,0.3492647058823491,0.2282608695652177,,,0.2717391304347822,0.0
1971-06-01,0.1847826086956514,0.2282608695652177,0.2065217391304346,0.2282608695652177,0.1865671641791042,0.1832061068702293,0.1886608015640272,0.1237421994305908,0.114995192145744,0.1327340584719212,0.5837544152959133,0.4593117889862065,36.32608695652161,0.1847826086956523,0.1804400977995115,0.4256566938086052,0.5648977609657919,0.1819951746321022,0.1812839561541075,0.1616882176486731,0.4593117889862058,0.249999999999995,0.1847826086956518,,,0.2717391304347822,0.0
1971-07-01,0.2173913043478261,0.1847826086956514,0.2173913043478261,0.25,0.1865671641791051,0.1774809160305341,0.1857282502443791,0.1237421994305908,0.0700884077626154,0.1279492933905583,0.7882295385704351,0.4805105358217939,36.543478260869435,0.217391304347827,0.1794621026894862,1.0,0.6679320480250794,0.1808782273557545,0.1808895260045675,0.1623287071151189,0.4805105358217941,0.4485294117647034,0.2173913043478262,,,0.2717391304347822,0.0
1971-08-01,0.2282608695652177,0.2173913043478261,0.2282608695652177,0.2391304347826084,0.1865671641791042,0.1793893129770989,0.1847507331378306,0.1237421994305908,0.0792735954484128,0.1255975312755181,0.7294390444144454,0.5223173023770049,36.77173913043465,0.2282608695652186,0.1789731051344745,0.727691959748654,0.7079818878293729,0.1817252721458775,0.181393246972946,0.1634094929398548,0.5223173023770045,0.5147058823529371,0.2282608695652177,,,0.2717391304347822,0.0
1971-09-01,0.2173913043478261,0.2282608695652177,0.1847826086956514,0.2282608695652177,0.1977611940298507,0.1812977099236645,0.1837732160312812,0.0343199111530302,0.0768472546926604,0.127229103879623,0.6711361139987445,0.5222824927010961,36.98913043478248,0.2173913043478261,0.1819070904645476,0.4865353812381272,0.6663113110288421,0.1806498483289482,0.1809907212071957,0.1639824814144885,0.5222824927010965,0.4102167182662517,0.2173913043478262,,,0.2717391304347822,0.0
1971-10-01,0.2173913043478261,0.2173913043478261,0.2173913043478261,0.25,0.1977611940298507,0.1812977099236645,0.1808406647116323,0.0343199111530302,0.0768472546926604,0.1166170692095039,0.7002633468996896,0.4805105358217939,37.20652173913031,0.2173913043478261,0.1858190709046452,0.1514445066156895,0.6582612382384383,0.179739874330008,0.1806180121648344,0.1645329997528621,0.4805105358217941,0.4411764705882334,0.2173913043478262,,,0.2717391304347822,0.0
1971-11-01,0.25,0.2173913043478261,0.2282608695652177,0.25,0.205223880597015,0.185114503816794,0.1808406647116331,0.1029597334582817,0.1107176152320009,0.1166170692095039,0.7877904394439569,0.5432727272727268,37.45652173913031,0.25,0.1882640586797057,0.5867193159658655,0.7524007104734949,0.1843463584027764,0.1828797134090978,0.1664581699135983,0.5432727272727267,0.5808823529411705,0.2499999999999999,,,0.2717391304347822,0.0
1971-12-01,0.25,0.25,0.2173913043478261,0.25,0.2164179104477623,0.1965648854961825,0.1808406647116323,0.1029597334582964,0.0768472546926404,0.1166170692095039,0.7002633468996896,0.5432727272727268,37.70652173913031,0.25,0.1921760391198042,0.0,0.7471667918569906,0.1882441526181963,0.1849738812278607,0.1683078432052855,0.5432727272727267,0.5147058823529371,0.2499999999999999,,,0.2717391304347822,0.0
1972-01-01,0.2282608695652177,0.25,0.2173913043478261,0.25,0.2201492537313436,0.1984732824427491,0.1788856304985326,0.0686398223056421,0.0692110155753209,0.1021188677634674,0.642201776679929,0.5014312663054392,37.93478260869553,0.2282608695652186,0.1965770171149143,0.0222677698507141,0.6627216584203097,0.1879579781371747,0.1851750573648836,0.169154153104917,0.5014312663054388,0.4485294117647039,0.2282608695652177,,,0.2717391304347822,0.0
1972-02-01,0.2282608695652177,0.2282608695652177,0.25,0.2173913043478261,0.2126865671641802,0.1984732824427491,0.1798631476050829,0.0686398223056259,0.0692110155753209,0.1023300330404451,0.7002633468996896,0.564297887359451,38.16304347826075,0.2282608695652186,0.2000000000000001,0.9554092315497656,0.641932655820824,0.1877158304993873,0.1853613315658311,0.1699672743810332,0.5642978873594512,0.4485294117647039,0.2282608695652177,,,0.2717391304347822,0.0
1972-03-01,0.2608695652173907,0.2282608695652177,0.25,0.2065217391304346,0.2164179104477623,0.2061068702290081,0.1847507331378297,0.1029597334582946,0.0824269226406554,0.1211681495260242,0.7876450456025209,0.6485737373737366,38.42391304347814,0.2608695652173924,0.2034229828850851,0.5710665168439846,0.7421216407108808,0.1928873984162082,0.188140609887232,0.1721447493250911,0.6485737373737368,0.5434782608695614,0.2608695652173913,,,0.2717391304347822,0.0
1972-04-01,0.25,0.2608695652173907,0.2282608695652177,0.2173913043478261,0.2238805970149258,0.2118320610687014,0.1876832844574787,0.0908019499280883,0.0589873286444362,0.127229103879623,0.671280546558584,0.6063482075328992,38.67391304347814,0.25,0.2058679706601474,0.2965245173761559,0.7024423473848103,0.1954711864757152,0.189845081670577,0.1737714195026019,0.6063482075328985,0.6092436974789858,0.2499999999999999,,,0.2717391304347822,0.0
1972-05-01,0.25,0.25,0.2282608695652177,0.2282608695652177,0.2313432835820901,0.2118320610687023,0.1896383186705765,0.0343199111531414,0.0589873286444362,0.1336060233969151,0.7002633468996896,0.5852531964159855,38.92391304347814,0.25,0.2063569682151591,0.6540744777450982,0.6969441198823674,0.197657468679913,0.1914232962847846,0.1753342986927597,0.5852531964159856,0.647058823529406,0.2499999999999999,,,0.2717391304347822,0.0
1972-06-01,0.25,0.25,0.2608695652173907,0.1847826086956514,0.2276119402985079,0.2118320610687023,0.1955034213098736,0.0,0.0589873286444362,0.0881396184917532,0.7002633468996896,0.6700565521435082,39.17391304347814,0.25,0.20635696821516,0.4256566938086052,0.6995142151764284,0.199507399775773,0.1928846061127558,0.1768358885029108,0.6700565521435085,0.6191950464396226,0.2499999999999999,,,0.2717391304347822,0.0
1972-07-01,0.25,0.25,0.25,0.2173913043478261,0.2276119402985079,0.2156488549618309,0.1984359726295217,0.0,0.0415364853602221,0.0801934332438179,0.7002633468996896,0.6063482075328992,39.42391304347814,0.25,0.2058679706601465,1.0,0.6945273880469216,0.2010727260876557,0.1942376707682838,0.1782785924381542,0.6063482075328985,0.5882352941176409,0.2499999999999999,,,0.2717391304347822,0.0
1972-08-01,0.2717391304347822,0.25,0.25,0.2282608695652177,0.2350746268656722,0.2232824427480908,0.2023460410557191,0.0686398223056642,0.0309503609215988,0.0969563884121091,0.7583249171194542,0.6272336655592471,39.69565217391292,0.2717391304347831,0.2063569682151591,0.727691959748654,0.7668656741774988,0.2059815410148537,0.1972283765518989,0.1805955469330253,0.6272336655592461,0.8455882352941133,0.2717391304347828,,,0.2717391304347822,0.0
1972-09-01,0.25,0.2717391304347822,0.25,0.2173913043478261,0.2350746268656713,0.2213740458015269,0.2052785923753672,0.0686398223056642,0.0294936643225505,0.0794458014870447,0.6423933990238863,0.6063482075328992,39.94565217391292,0.25,0.2092909535452314,0.4865353812381272,0.6899849329344576,0.2065508455976461,0.1982596804341581,0.1818908132827736,0.6063482075328985,0.6470588235294057,0.2499999999999999,,,0.2717391304347822,0.0
1972-10-01,0.2391304347826084,0.25,0.25,0.2173913043478261,0.2313432835820901,0.2194656488549613,0.2072336265884651,0.0908019499280976,0.0415364853602176,0.0562858254175089,0.6712325617898073,0.585323047446175,40.18478260869553,0.2391304347826075,0.2127139364303172,0.1514445066156895,0.6480898677077782,0.2052404108360512,0.1983456573664446,0.1826698712814396,0.5853230474461741,0.5588235294117581,0.2391304347826084,,,0.2717391304347822,0.0
1972-11-01,0.2391304347826084,0.2391304347826084,0.2717391304347822,0.25,0.2201492537313436,0.2175572519083966,0.2062561094819157,0.0343199111530908,0.0496461416739433,0.0584150140533726,0.7002633468996896,0.5223519967890816,40.42391304347814,0.2391304347826075,0.2156479217603903,0.5867193159658655,0.6343905793545019,0.204131581422394,0.1984252656370806,0.1834183779860403,0.522351996789082,0.609243697478985,0.2391304347826084,,,0.2717391304347822,0.0
1972-12-01,0.2608695652173907,0.2391304347826084,0.25,0.25,0.2238805970149258,0.2194656488549613,0.2072336265884642,0.0686398223056386,0.0549633373309972,0.063411196940072,0.7584212049639288,0.5641934577563706,40.68478260869553,0.2608695652173907,0.219070904645477,0.0,0.7013482808630016,0.2067776491972148,0.2002368451383898,0.1850683586710779,0.5641934577563714,0.6801470588235238,0.2608695652173913,,,0.2717391304347822,0.0
1973-01-01,0.2065217391304346,0.2608695652173907,0.2391304347826084,0.2282608695652177,0.2126865671641802,0.2118320610687023,0.2052785923753672,0.1495970244660978,0.1203155705955709,0.0962977732169076,0.5553493451941676,0.5012922581294667,40.891304347825965,0.2065217391304337,0.223960880195599,0.0222677698507141,0.509884518161499,0.2000558595022763,0.1975695632165059,0.1843265662698652,0.5012922581294662,0.3676470588235271,0.2065217391304348,,,0.2717391304347822,0.0
1973-02-01,0.2608695652173907,0.2065217391304346,0.2391304347826084,0.2282608695652177,0.2201492537313436,0.2099236641221376,0.2082111436950153,0.1715995557636932,0.1050181407024054,0.0915982773169968,0.8463849652860909,0.6062434309876163,41.152173913043356,0.2608695652173907,0.226894865525673,0.9554092315497656,0.667081922927359,0.2033289614186522,0.1994445280823011,0.1859409317280853,0.6062434309876159,0.5434782608695614,0.2608695652173913,,,0.2717391304347822,0.0
1973-03-01,0.2934782608695645,0.2608695652173907,0.2608695652173907,0.2608695652173907,0.2313432835820901,0.2175572519083974,0.2111436950146625,0.2402393780691233,0.1643584787094184,0.1272291038796194,0.7872117479230005,0.605931179564235,41.44565217391292,0.2934782608695627,0.2293398533007336,0.5710665168439846,0.7698503480954102,0.21147497126592,0.2037874088711531,0.1888882295137719,0.6059311795642363,0.6801470588235226,0.293478260869565,,,0.2934782608695645,0.0
1973-04-01,0.2934782608695645,0.2934782608695645,0.2065217391304346,0.25,0.2611940298507464,0.2270992366412203,0.21505376344086,0.1029597334583225,0.1916104840211832,0.1540093833493776,0.7002633468996896,0.6269556492073048,41.73913043478248,0.2934782608695627,0.2342298288508564,0.2965245173761559,0.7582105112468405,0.2183677488289932,0.2078085947867567,0.1917199469941373,0.626955649207304,0.6801470588235226,0.293478260869565,,,0.2934782608695645,0.0
1973-05-01,0.2717391304347822,0.2934782608695645,0.2608695652173907,0.25,0.2649253731343277,0.2328244274809154,0.2170087976539596,0.0686398223056776,0.1831881737061153,0.1571069919742807,0.6425837606945313,0.5851141882400173,42.01086956521726,0.2717391304347805,0.2415647921760388,0.6540744777450982,0.6617063390275888,0.2206157910267556,0.2097940469393746,0.1935097895456365,0.585114188240016,0.5434782608695614,0.2717391304347828,,,0.2934782608695645,0.0
1973-06-01,0.3043478260869561,0.2717391304347822,0.2934782608695645,0.25,0.2686567164179116,0.2404580152671753,0.2218963831867055,0.090801949928116,0.2079257536637191,0.1851295312187061,0.7870682687133937,0.6478763796909487,42.315217391304216,0.3043478260869543,0.2493887530562348,0.4256566938086052,0.7463589770999768,0.2278944426505802,0.2142392307715805,0.1966256829699633,0.6478763796909487,0.647058823529407,0.3043478260869564,,,0.3043478260869561,0.0
1973-07-01,0.3043478260869561,0.3043478260869561,0.2934782608695645,0.25,0.2723880597014938,0.257633587786259,0.2267839687194515,0.1029597334583301,0.0892160446714065,0.2039263651333996,0.7002633468996896,0.6478763796909487,42.61956521739117,0.3043478260869543,0.2591687041564796,1.0,0.7105525964208148,0.2340533017168926,0.2183551417273275,0.1996193844952962,0.6478763796909487,0.647058823529407,0.3043478260869564,,,0.3043478260869561,0.0
1973-08-01,0.2826086956521738,0.3043478260869561,0.2717391304347822,0.2717391304347822,0.2761194029850751,0.2614503816793885,0.2277614858260017,0.0686398223056903,0.0549633373309577,0.2067787766442515,0.6426784726587451,0.5641244124412446,42.90217391304334,0.282608695652172,0.2699266503667479,0.727691959748654,0.6113212360172966,0.235680335955859,0.2204283022504478,0.2015648587762735,0.5641244124412439,0.5882352941176437,0.2826086956521743,,,0.3043478260869561,0.0
1973-09-01,0.2934782608695645,0.2826086956521738,0.3043478260869561,0.25,0.2723880597014938,0.2614503816793885,0.2316715542521992,0.0594438298280443,0.0549633373309577,0.209721090942109,0.7291506520172645,0.6269556492073048,43.195652173912904,0.2934782608695627,0.2767726161369195,0.4865353812381272,0.6286941351545892,0.2388492112589411,0.2232168293972147,0.2038994535404628,0.626955649207304,0.609243697478987,0.293478260869565,,,0.3043478260869561,0.0
1973-10-01,0.3043478260869561,0.2934782608695645,0.3043478260869561,0.2391304347826084,0.272388059701492,0.2633587786259523,0.2375366568914962,0.0594438298280443,0.061889112268564,0.2067787766442505,0.7291031400022697,0.6690052766470668,43.49999999999986,0.3043478260869552,0.2806845965770179,0.1514445066156895,0.6558328120866399,0.2433227213085835,0.2266677330473587,0.2066079091610708,0.6690052766470674,0.5882352941176422,0.3043478260869564,,,0.3043478260869561,0.0
1973-11-01,0.3369565217391308,0.3043478260869561,0.2826086956521738,0.2391304347826084,0.2910447761194037,0.2748091603053426,0.2463343108504405,0.1237421994306584,0.0913943861643,0.2249862736498063,0.7866406582611113,0.7318715513342381,43.83695652173899,0.3369565217391308,0.2850855745721272,0.5867193159658655,0.7428147483009369,0.2524844611147676,0.2324698164143122,0.21060639161258,0.7318715513342386,0.7037815126050385,0.3369565217391309,,,0.3369565217391308,0.0
1973-12-01,0.3369565217391308,0.3369565217391308,0.2934782608695645,0.2608695652173907,0.3059701492537323,0.2805343511450386,0.2531769305962852,0.1029597334583523,0.120315570595539,0.2444085998753072,0.7002633468996896,0.6894757826195851,44.17391304347812,0.3369565217391308,0.2894865525672365,0.0,0.7362829997728007,0.260236702489232,0.2378421158281574,0.2144480708306977,0.6894757826195843,0.7352941176470559,0.3369565217391309,,,0.3369565217391308,0.0
1974-01-01,0.3478260869565215,0.3369565217391308,0.3043478260869561,0.2065217391304346,0.3208955223880592,0.2881679389312985,0.2658846529814269,0.0343199111532874,0.1499092918968257,0.1764649790401667,0.7289146446225134,0.817055353535354,44.521739130434646,0.3478260869565215,0.293398533007335,0.0222677698507141,0.7593162095222468,0.268588445368505,0.2436854012070775,0.2186045095540993,0.8170553535353524,0.7510504201680632,0.3478260869565215,,,0.3478260869565215,0.0
1974-02-01,0.3586956521739131,0.3478260869565215,0.3369565217391308,0.2608695652173907,0.3283582089552244,0.3015267175572518,0.2746823069403703,0.0594438298281019,0.1394203389829436,0.185129531218698,0.7288679051482534,0.7312480841472573,44.88043478260856,0.3586956521739139,0.2982885085574578,0.9554092315497656,0.7691150088012861,0.2774474587518467,0.2499647847018078,0.2230633642727735,0.7312480841472568,0.7352941176470548,0.358695652173913,,,0.3586956521739131,0.0
1974-03-01,0.3478260869565215,0.3586956521739131,0.3369565217391308,0.2934782608695645,0.3320895522388065,0.3110687022900764,0.2795698924731189,0.0343199111533139,0.0949402417708013,0.1963263429043185,0.6717053758795459,0.6471881977671449,45.228260869565084,0.3478260869565233,0.3036674816625915,0.5710665168439846,0.7224979876066975,0.2831513929753333,0.254910094608606,0.2268819483513873,0.6471881977671445,0.8887468030690497,0.3478260869565215,,,0.3586956521739131,0.0
1974-04-01,0.3260869565217392,0.3478260869565215,0.3478260869565215,0.2934782608695645,0.3246268656716431,0.3148854961832059,0.282502443792767,0.0908019499281558,0.0462769312410723,0.1904650830254674,0.6430542304025679,0.6056220095693793,45.554347826086826,0.326086956521741,0.3085574572127143,0.2965245173761559,0.6412762466772186,0.2843934908088297,0.2577512171234399,0.2296199568502226,0.6056220095693783,0.7132352941176445,0.3260869565217393,,,0.3586956521739131,0.0
1974-05-01,0.3369565217391308,0.3260869565217392,0.3586956521739131,0.2717391304347822,0.3171641791044779,0.3148854961832059,0.2883675464320623,0.0594438298280887,0.0462769312410723,0.1600062737966971,0.7289615370901463,0.6683828382838282,45.89130434782596,0.3369565217391335,0.3110024449877757,0.6540744777450982,0.6648805641817432,0.2872366506918995,0.2612508201884616,0.2327160060590207,0.6683828382838282,0.6617647058823516,0.3369565217391309,,,0.3586956521739131,0.0
1974-06-01,0.3369565217391308,0.3369565217391308,0.3478260869565215,0.3043478260869561,0.3134328358208957,0.3148854961832059,0.2913000977517113,0.0343199111532734,0.0462769312410723,0.1558736939639138,0.7002633468996896,0.6055196297954928,46.22826086956509,0.3369565217391335,0.3114914425427875,0.4256566938086052,0.6659958471193796,0.2896424013621894,0.2644911933968146,0.2356906415733553,0.6055196297954922,0.6617647058823516,0.3369565217391309,,,0.3586956521739131,0.0
1974-07-01,0.3586956521739131,0.3369565217391308,0.3260869565217392,0.3043478260869561,0.3246268656716431,0.3167938931297716,0.2961876832844581,0.0686398223057351,0.0579986831678753,0.1612148019787714,0.7575659423453371,0.6470175648106691,46.586956521739005,0.3586956521739166,0.3119804400977992,1.0,0.7277951427923988,0.2952623445926567,0.2692294070997123,0.2394794518991183,0.6470175648106677,0.8088235294117608,0.358695652173913,,,0.3586956521739131,0.0
1974-08-01,0.3369565217391308,0.3586956521739131,0.3369565217391308,0.2826086956521738,0.3246268656716431,0.3129770992366403,0.3010752688172049,0.0686398223057351,0.045120060320016,0.1183386274921648,0.6431474048594041,0.6473593929409421,46.92391304347814,0.3369565217391352,0.3105134474327631,0.727691959748654,0.6655045369106709,0.2964333731243682,0.2718787738701946,0.2421888542432526,0.647359392940941,0.6314878892733548,0.3369565217391309,,,0.3586956521739131,0.0
1974-09-01,0.3586956521739131,0.3369565217391308,0.3369565217391308,0.2934782608695645,0.3320895522388065,0.3148854961832059,0.306940371456502,0.0686398223057439,0.0589873286443812,0.0853063747472898,0.7575659423453371,0.6679712918660291,47.28260869565205,0.3586956521739184,0.3080684596577008,0.4865353812381272,0.7452298313413372,0.3010085514683469,0.2760697593898786,0.2457228326996077,0.6679712918660284,0.6888544891640839,0.358695652173913,,,0.3586956521739131,0.0
1974-10-01,0.3478260869565215,0.3586956521739131,0.3586956521739131,0.3043478260869561,0.3283582089552235,0.3187022900763363,0.3108504398826976,0.0594438298281038,0.0415364853601594,0.0445353411287859,0.6717053758795459,0.6262685973030795,47.630434782608575,0.3478260869565268,0.3085574572127134,0.1514445066156895,0.7126696454104504,0.3030877021969864,0.2790813674679313,0.2486528101732483,0.6262685973030793,0.7352941176470534,0.3478260869565215,,,0.3586956521739131,0.0
1974-11-01,0.3478260869565215,0.3478260869565215,0.3369565217391308,0.3369565217391308,0.3320895522388065,0.3206106870228993,0.3118279569892479,0.0343199111533203,0.0351237166890541,0.0427783503380461,0.7002633468996896,0.5639199841552778,47.9782608695651,0.3478260869565268,0.3110024449877748,0.5867193159658655,0.7004998797419404,0.3048469835827587,0.2818698934661272,0.2514678865694897,0.5639199841552766,0.7093425605536294,0.3478260869565215,,,0.3586956521739131,0.0
1974-12-01,0.3369565217391308,0.3478260869565215,0.3586956521739131,0.3369565217391308,0.3246268656716431,0.3206106870228993,0.311827956989247,0.0343199111532941,0.0351237166890541,0.0427783503380461,0.6716587886511297,0.5432727272727268,48.31521739130423,0.3369565217391361,0.312469437652811,0.0,0.6678773867751993,0.3045434522698391,0.2835829279131712,0.2537071542206695,0.5432727272727267,0.6314878892733548,0.3369565217391309,,,0.3586956521739131,0.0
1975-01-01,0.3586956521739131,0.3369565217391308,0.3478260869565215,0.3478260869565215,0.3283582089552244,0.3206106870229011,0.3128054740957964,0.0594438298281017,0.0351237166890541,0.0486170080979869,0.7575659423453371,0.5638863018438887,48.673913043478144,0.3586956521739193,0.3119804400978001,0.0222677698507141,0.7388145468711542,0.3078709261298984,0.2869069390593024,0.2567894346386943,0.5638863018438872,0.5974264705882304,0.358695652173913,,,0.3586956521739131,0.0
1975-02-01,0.3152173913043476,0.3586956521739131,0.3478260869565215,0.3586956521739131,0.3171641791044779,0.3167938931297716,0.3088954056695998,0.1188876596556948,0.0792735954483258,0.0679108832894453,0.5860314628191149,0.4609527193761715,48.98913043478249,0.315217391304353,0.3119804400977992,0.9554092315497656,0.5888928575242467,0.3035178648387351,0.2865089908783558,0.257889186945758,0.4609527193761718,0.4485294117647004,0.3152173913043479,,,0.3586956521739131,0.0
1975-03-01,0.3369565217391308,0.3152173913043476,0.3369565217391308,0.3478260869565215,0.3171641791044779,0.3129770992366403,0.3079178885630504,0.1188876596556948,0.0692110155752495,0.0676349412184592,0.7577538197074536,0.5226591527015677,49.32608695652162,0.3369565217391361,0.3114914425427875,0.5710665168439846,0.6643622298400906,0.3034188133325886,0.28787838848005,0.259876638895907,0.5226591527015676,0.4831932773109221,0.3369565217391309,,,0.3586956521739131,0.0
1975-04-01,0.3478260869565215,0.3369565217391308,0.3586956521739131,0.3260869565217392,0.3134328358208957,0.3129770992366421,0.3098729227761483,0.0908019499281442,0.0692110155752495,0.0607956836671371,0.7289146446225134,0.5846348261667398,49.673913043478144,0.3478260869565268,0.3100244498777504,0.2965245173761559,0.706673282631666,0.3051271545436531,0.2900152832921625,0.2622515651461627,0.5846348261667396,0.4831932773109196,0.3478260869565215,,,0.3586956521739131,0.0
1975-05-01,0.3695652173913037,0.3478260869565215,0.3152173913043476,0.3369565217391308,0.3320895522388065,0.3167938931297716,0.3128054740957964,0.0908019499281621,0.0970200611254487,0.0764090675706807,0.7574724633968133,0.6052144979203796,50.04347826086945,0.36956521739131,0.3085574572127143,0.6540744777450982,0.7767572592393748,0.310156982077852,0.293731757739283,0.2654641842182021,0.6052144979203791,0.574866310160425,0.3695652173913045,,,0.3695652173913037,0.0
1975-06-01,0.3369565217391308,0.3695652173913037,0.3369565217391308,0.3369565217391308,0.3320895522388065,0.3167938931297698,0.3128054740957964,0.0908019499281621,0.0970200611254487,0.0764090675706807,0.6147287410149666,0.5432727272727268,50.38043478260858,0.3369565217391361,0.3070904645476773,0.4256566938086052,0.6790615564885591,0.3090365279195337,0.2945661355735005,0.2671545774517838,0.5432727272727267,0.5434782608695619,0.3369565217391309,,,0.3695652173913037,0.0
1975-07-01,0.3478260869565215,0.3369565217391308,0.3478260869565215,0.3586956521739131,0.3320895522388065,0.3148854961832059,0.311827956989247,0.0908019499281621,0.0892160446713956,0.0719716137998076,0.7289146446225134,0.522692725298588,50.728260869565105,0.3478260869565268,0.3061124694376538,1.0,0.7103901361389013,0.309880605347991,0.2962076417120247,0.2692440943469076,0.5226927252985876,0.5434782608695597,0.3478260869565215,,,0.3695652173913037,0.0
1975-08-01,0.3478260869565215,0.3478260869565215,0.3695652173913037,0.3369565217391308,0.3246268656716413,0.3206106870229011,0.3128054740957964,0.0343199111532923,0.0496461416738921,0.0700945089904188,0.7002633468996896,0.5639199841552778,51.07608695652163,0.3478260869565268,0.3070904645476773,0.727691959748654,0.7105455639085925,0.3105948247105319,0.2977275548032514,0.2712516694030062,0.5639199841552766,0.5434782608695597,0.3478260869565215,,,0.3695652173913037,0.0
1975-09-01,0.3369565217391308,0.3478260869565215,0.3369565217391308,0.3586956521739131,0.3246268656716431,0.3206106870229011,0.3108504398826976,0.0343199111532923,0.0496461416738921,0.0668030116958267,0.6716587886511297,0.5021127233244506,51.41304347826076,0.3369565217391361,0.3090464547677269,0.4865353812381272,0.6725683903831303,0.3094070101471855,0.2982659476697682,0.2727151024332626,0.50211272332445,0.4545454545454513,0.3369565217391309,,,0.3695652173913037,0.0
1975-10-01,0.3369565217391308,0.3369565217391308,0.3478260869565215,0.3478260869565215,0.3208955223880592,0.3187022900763354,0.3098729227761492,0.0343199111532819,0.0549633373309496,0.067634941218461,0.7002633468996896,0.5226591527015677,51.74999999999989,0.3369565217391361,0.3110024449877757,0.1514445066156895,0.670528350024199,0.3084019362858932,0.2987644595832099,0.2741211459329218,0.5226591527015676,0.5147058823529371,0.3369565217391309,,,0.3695652173913037,0.0
1975-11-01,0.3260869565217392,0.3369565217391308,0.3478260869565215,0.3478260869565215,0.3134328358208957,0.3110687022900764,0.3079178885630504,0.0343199111532642,0.0248899655635068,0.0740805081459663,0.6716120491768658,0.5020455781304073,52.076086956521635,0.3260869565217454,0.3124694376528119,0.5867193159658655,0.6264297749085692,0.3057593351485339,0.2983571106184444,0.2750066368795405,0.5020455781304071,0.4102167182662501,0.3260869565217393,,,0.3695652173913037,0.0
1975-12-01,0.3260869565217392,0.3260869565217392,0.3369565217391308,0.3369565217391308,0.3097014925373136,0.3091603053435108,0.306940371456502,0.0343199111532554,0.035123716689043,0.079445801487026,0.7002633468996896,0.5226254703901758,52.40217391304338,0.3260869565217454,0.3139364303178489,0.0,0.6286667063542524,0.3035232880323075,0.2979799356510684,0.2758574026909972,0.5226254703901754,0.4411764705882323,0.3260869565217393,,,0.3695652173913037,0.0
1976-01-01,0.3478260869565215,0.3260869565217392,0.3369565217391308,0.3586956521739131,0.3134328358208957,0.3091603053435108,0.3059628543499517,0.068639822305716,0.035123716689043,0.0719716137998078,0.7576597272805992,0.522692725298588,52.7499999999999,0.3478260869565268,0.3178484107579464,0.0222677698507141,0.6865204225724639,0.3052155562126462,0.2993685677097728,0.2776056323218379,0.5226927252985876,0.5147058823529371,0.3478260869565215,,,0.3695652173913037,0.0
1976-02-01,0.3478260869565215,0.3478260869565215,0.3260869565217392,0.3152173913043476,0.3208955223880592,0.3091603053435108,0.3088954056695998,0.0686398223057248,0.035123716689043,0.0537960296097599,0.7002633468996896,0.6054175856929943,53.097826086956424,0.3478260869565268,0.3227383863080684,0.9554092315497656,0.6615362889387875,0.3066474754421628,0.3006543381344997,0.2792853039279395,0.6054175856929944,0.5495356037151643,0.3478260869565215,,,0.3695652173913037,0.0
1976-03-01,0.3478260869565215,0.3478260869565215,0.3260869565217392,0.3369565217391308,0.3283582089552244,0.3110687022900764,0.3098729227761492,0.0,0.0415364853601512,0.0534803582630347,0.7002633468996896,0.5639199841552778,53.44565217391295,0.3478260869565268,0.3271393643031786,0.5710665168439846,0.652824038228399,0.3078590994055998,0.3018448663055419,0.2808991060592927,0.5639199841552766,0.4757785467127979,0.3478260869565215,,,0.3695652173913037,0.0
1976-04-01,0.3804347826086953,0.3478260869565215,0.3478260869565215,0.3478260869565215,0.3395522388059708,0.3187022900763354,0.3128054740957973,0.1029597334583759,0.1030638701671165,0.0881396184917338,0.7860770216453771,0.6051134509862095,53.82608695652164,0.3804347826087024,0.3310513447432761,0.2965245173761559,0.7486501496215681,0.3142607817542258,0.3055540094140676,0.2838458626093612,0.6051134509862083,0.7628676470588208,0.3804347826086959,,,0.3804347826086953,0.0
1976-05-01,0.3695652173913037,0.3804347826086953,0.3478260869565215,0.3695652173913037,0.3470149253731351,0.3263358778625944,0.3128054740957973,0.0908019499281788,0.0977057773969826,0.0881396184917338,0.671798096564676,0.5432727272727268,54.19565217391295,0.3695652173913117,0.3369193154034224,0.6540744777450982,0.6924687540831442,0.3178854358714149,0.3081194671114176,0.2862116464867652,0.5432727272727267,0.647058823529407,0.3695652173913045,,,0.3804347826086953,0.0
1976-06-01,0.3695652173913037,0.3695652173913037,0.3478260869565215,0.3369565217391308,0.3544776119402986,0.3339694656488543,0.3157380254154454,0.0343199111533733,0.0665307497222434,0.096956388412091,0.7002633468996896,0.6052144979203796,54.56521739130425,0.3695652173913117,0.3442542787286058,0.4256566938086052,0.6733446680768829,0.3209524508936505,0.31049489090526,0.2884846545258392,0.6052144979203791,0.6092436974789889,0.3695652173913045,,,0.3804347826086953,0.0
1976-07-01,0.4021739130434776,0.3695652173913037,0.3804347826086953,0.3478260869565215,0.3619402985074629,0.3435114503816789,0.3206256109481922,0.1029597334583961,0.1075805005633805,0.1463701661343017,0.7857979527844127,0.6463406001285277,54.96739130434773,0.4021739130434856,0.3491442542787286,1.0,0.7564712853626858,0.3289240795227988,0.3153011595904518,0.2920647657715625,0.6463406001285278,0.647058823529407,0.4021739130434781,,,0.4021739130434776,0.0
1976-08-01,0.4021739130434776,0.4021739130434776,0.3695652173913037,0.3478260869565215,0.3731343283582085,0.3530534351145036,0.3255131964809381,0.1029597334584086,0.1107176152319599,0.1785584926623671,0.7002633468996896,0.6463406001285277,55.369565217391205,0.4021739130434856,0.3535452322738379,0.727691959748654,0.7465045552364202,0.3356693037474629,0.3197514083730377,0.2955044804978453,0.6463406001285278,0.8455882352941118,0.4021739130434781,,,0.4021739130434776,0.0
1976-09-01,0.3804347826086953,0.4021739130434776,0.3695652173913037,0.3369565217391308,0.3768656716417906,0.3587786259541969,0.3294232649071364,0.0686398223058083,0.0692110155752837,0.1774444091259988,0.6435170873321556,0.6258617548029306,55.7499999999999,0.3804347826087024,0.3599022004889969,0.4865353812381272,0.661158085717851,0.3377924931204177,0.3221341409580454,0.2978784772660088,0.6258617548029304,0.6674208144796365,0.3804347826086959,,,0.4021739130434776,0.0
1976-10-01,0.3804347826086953,0.3804347826086953,0.4021739130434776,0.3369565217391308,0.3694029850746272,0.3587786259541978,0.3333333333333339,0.0686398223057952,0.0692110155752837,0.1717879441663687,0.7002633468996896,0.6258617548029306,56.130434782608596,0.3804347826087024,0.3657701711491432,0.1514445066156895,0.647643679007448,0.3395890379744566,0.3243403748330529,0.3001593761216963,0.6258617548029304,0.6674208144796365,0.3804347826086959,,,0.4021739130434776,0.0
1976-11-01,0.4130434782608692,0.3804347826086953,0.4021739130434776,0.3260869565217392,0.3731343283582085,0.3664122137404568,0.3411534701857279,0.1029597334584082,0.0824269226406359,0.1740680944933529,0.7856590979047304,0.7087211228487816,56.54347826086946,0.4130434782608763,0.3716381418092904,0.5867193159658655,0.7292241306789933,0.3464856533843621,0.3289899861859906,0.3037470687402432,0.7087211228487813,0.8235294117646997,0.4130434782608695,,,0.4130434782608692,0.0
1976-12-01,0.4021739130434776,0.4130434782608692,0.3804347826086953,0.3260869565217392,0.3805970149253745,0.372137404580152,0.3479960899315744,0.0908019499282184,0.058987328644424,0.1476644555824191,0.6719360541591906,0.6880400734017738,56.94565217391294,0.4021739130434838,0.3794621026894855,0.0,0.6782210211576825,0.350529097014939,0.332426247813351,0.3067286539383422,0.6880400734017741,0.7628676470588166,0.4021739130434781,,,0.4130434782608692,0.0
1977-01-01,0.3804347826086953,0.4021739130434776,0.3804347826086953,0.3478260869565215,0.3805970149253745,0.3683206106870225,0.3509286412512216,0.0908019499282184,0.0665307497222621,0.1299144846948117,0.6435170873321556,0.6051134509862095,57.326086956521635,0.3804347826087007,0.3853300733496327,0.0222677698507141,0.591695154380762,0.3503661643467435,0.3338701034027806,0.3086624870421728,0.6051134509862083,0.7093425605536294,0.3804347826086959,,,0.4130434782608692,0.0
1977-02-01,0.4130434782608692,0.3804347826086953,0.4130434782608692,0.3478260869565215,0.3805970149253728,0.3702290076335863,0.3567937438905186,0.0908019499282184,0.0792735954483597,0.1211681495259931,0.7856590979047304,0.6669541746996894,57.7391304347825,0.4130434782608745,0.3892420537897312,0.9554092315497656,0.673255377952696,0.3556047603147583,0.3378138089357376,0.311916724330505,0.6669541746996883,0.7794117647058778,0.4130434782608695,,,0.4130434782608692,0.0
1977-03-01,0.4239130434782607,0.4130434782608692,0.4021739130434776,0.3478260869565215,0.388059701492538,0.3778625954198471,0.3636363636363642,0.1237421994307272,0.0913943861643325,0.1089339872063692,0.7285906396401887,0.6875677492708485,58.16304347826076,0.4239130434782669,0.3951100244498775,0.5710665168439846,0.6948151429096754,0.3618295724654974,0.3423343222027251,0.3155087580625446,0.6875677492708488,0.7585139318885415,0.423913043478261,,,0.4239130434782607,0.0
1977-04-01,0.4347826086956523,0.4239130434782607,0.3804347826086953,0.3804347826086953,0.4067164179104479,0.3874045801526717,0.3685239491691101,0.0594438298282509,0.0949402417708416,0.1341271596575801,0.7285449504583495,0.645838646202283,58.59782608695641,0.4347826086956594,0.4024449877750617,0.2965245173761559,0.710811081870041,0.368888875232388,0.3473889167049249,0.3194253413189303,0.645838646202282,0.7794117647058791,0.4347826086956525,,,0.4347826086956523,0.0
1977-05-01,0.4456521739130439,0.4347826086956523,0.4130434782608692,0.3695652173913037,0.4179104477611943,0.3931297709923669,0.3753665689149557,0.0594438298282773,0.1265721377740403,0.1514960576653645,0.7284994084236321,0.6870984971667905,59.043478260869456,0.4456521739130501,0.4107579462102686,0.6540744777450982,0.716795059677974,0.3766542854437142,0.3529380308693586,0.3236537466673344,0.68709849716679,0.7983193277310894,0.4456521739130439,,,0.4456521739130439,0.0
1977-06-01,0.4673913043478261,0.4456521739130439,0.4239130434782607,0.3695652173913037,0.4328358208955221,0.4045801526717554,0.3841642228738999,0.0908019499282931,0.1679156954715198,0.1818678526053272,0.756644678752963,0.728191574279379,59.510869565217284,0.4673913043478332,0.4195599022004881,0.4256566938086052,0.7622685601772581,0.3868093252089037,0.3598139676797371,0.328647159382692,0.7281915742793783,0.7794117647058778,0.4673913043478261,,,0.4673913043478261,0.0
1977-07-01,0.4347826086956523,0.4673913043478261,0.4347826086956523,0.4021739130434776,0.4328358208955221,0.41412213740458,0.387096774193548,0.0908019499282931,0.094940241770861,0.1863407812548368,0.6159624132152273,0.604613121506325,59.94565217391293,0.4347826086956594,0.4298288508557455,1.0,0.6228221622070436,0.3900255890921942,0.3635737736280848,0.332048511214758,0.6046131215063257,0.695187165775398,0.4347826086956525,,,0.4673913043478261,0.0
1977-08-01,0.4565217391304346,0.4347826086956523,0.4456521739130439,0.4021739130434776,0.436567164179106,0.4217557251908399,0.3919843597262957,0.0908019499282986,0.0768472546926504,0.2038016040377588,0.7567354699475746,0.6455067176620579,60.40217391304337,0.4565217391304426,0.4396088019559894,0.727691959748654,0.6659144640283685,0.3963313511951991,0.3687929435717176,0.3362473038850071,0.6455067176620569,0.735294117647055,0.4565217391304346,,,0.4673913043478261,0.0
1977-09-01,0.4565217391304346,0.4565217391304346,0.4673913043478261,0.3804347826086953,0.4328358208955221,0.4274809160305333,0.3988269794721422,0.0686398223059152,0.0579986831679743,0.1958111301559623,0.7002633468996896,0.6868650137741028,60.85869565217381,0.4565217391304426,0.4474327628361862,0.4865353812381272,0.6458380337536056,0.4016669960515884,0.3736255083343405,0.3402814380191685,0.6868650137741033,0.6722689075630218,0.4565217391304346,,,0.4673913043478261,0.0
1977-10-01,0.4673913043478261,0.4565217391304346,0.4347826086956523,0.3804347826086953,0.4440298507462694,0.4332061068702284,0.4066471163245362,0.034319911153705,0.0549633373310571,0.1830964589992355,0.7284087629612775,0.707378197560014,61.326086956521635,0.467391304347835,0.455745721271394,0.1514445066156895,0.6596215387946351,0.4079739264924908,0.3789690394065728,0.3446227844070035,0.7073781975600146,0.695187165775398,0.4673913043478261,,,0.4673913043478261,0.0
1977-11-01,0.5108695652173907,0.4673913043478261,0.4565217391304346,0.4130434782608692,0.4626865671641793,0.4446564885496178,0.4154447702834796,0.1572735907017487,0.1378682631628464,0.2426873995065012,0.812664591812306,0.7269966221177838,61.836956521739026,0.5108695652173996,0.4645476772616135,0.5867193159658655,0.7657103839788313,0.420479176038314,0.3873924896415603,0.3506555362859629,0.7269966221177845,0.845588235294113,0.5108695652173912,,,0.5108695652173907,0.0
1977-12-01,0.5,0.5108695652173907,0.4565217391304346,0.4021739130434776,0.4776119402985079,0.4503816793893129,0.4242424242424238,0.1237421994308276,0.1625551637654992,0.2550455270734789,0.672342018545601,0.7272939099735212,62.336956521739026,0.5000000000000089,0.4733496332518339,0.0,0.71256340311513,0.4292683870146687,0.3943230465300784,0.355986296067595,0.7272939099735223,0.8058823529411737,0.5000000000000006,,,0.5108695652173907,0.0
1978-01-01,0.5108695652173907,0.5,0.4673913043478261,0.3804347826086953,0.4925373134328357,0.4637404580152671,0.4359726295210171,0.0343199111539077,0.1459874421364088,0.2290943758592152,0.7282292068779452,0.789430932703659,62.84782608695642,0.5108695652173996,0.4831295843520777,0.0222677698507141,0.7179681478626527,0.438497565710926,0.401609162904065,0.3615734200382947,0.7894309327036586,0.7736572890025543,0.5108695652173912,,,0.5108695652173907,0.0
1978-02-01,0.5,0.5108695652173907,0.5108695652173907,0.4130434782608692,0.4888059701492553,0.4713740458015261,0.443792766373412,0.034319911153893,0.1248909490396129,0.214191610655423,0.672342018545601,0.7065828560238905,63.34782608695642,0.5000000000000089,0.4929095354523225,0.9554092315497656,0.645107294972405,0.4445147167376477,0.4074866328842494,0.3664760275159135,0.7065828560238903,0.7736572890025574,0.5000000000000006,,,0.5108695652173907,0.0
1978-03-01,0.5108695652173907,0.5,0.5,0.4239130434782607,0.4925373134328357,0.4809160305343507,0.451612903225806,0.0343199111539077,0.0824269226407215,0.2064085616858912,0.7282292068779452,0.7063194525904204,63.85869565217381,0.5108695652173996,0.5022004889975547,0.5710665168439846,0.6565476979050082,0.4513983062457543,0.4137976687875575,0.3716517894690323,0.7063194525904193,0.875668449197859,0.5108695652173912,,,0.5108695652173907,0.0
1978-04-01,0.5326086956521738,0.5108695652173907,0.5108695652173907,0.4347826086956523,0.5000000000000009,0.492366412213741,0.4604105571847503,0.0908019499283979,0.0496461416740629,0.2183505193155638,0.7561060036078706,0.7264049187527453,64.39130434782598,0.5326086956521827,0.5114914425427868,0.2965245173761559,0.7006631304405353,0.4608071900312982,0.4213790886894868,0.3775554075497043,0.726404918752744,0.861344537815125,0.5326086956521742,,,0.5326086956521738,0.0
1978-05-01,0.5434782608695654,0.5326086956521738,0.5,0.4456521739130439,0.5149253731343286,0.4980916030534343,0.4692082111436955,0.0908019499284191,0.0892160446715171,0.2358074680573999,0.728096036116147,0.7261104940075993,64.93478260869554,0.5434782608695734,0.5193154034229828,0.6540744777450982,0.7079256954804656,0.4705607072584072,0.429267856001819,0.38369292478811,0.7261104940075993,0.861344537815125,0.5434782608695656,,,0.5434782608695654,0.0
1978-06-01,0.5652173913043477,0.5434782608695654,0.5108695652173907,0.4673913043478261,0.5335820895522394,0.5095419847328237,0.4780058651026388,0.0908019499284427,0.1336572253330757,0.2792085616692892,0.7558405076171785,0.7255244755244745,65.49999999999989,0.5652173913043548,0.5271393643031779,0.4256566938086052,0.7556086694098063,0.4823979914215686,0.4383101383195118,0.3905205822605282,0.7255244755244747,0.875668449197859,0.5652173913043478,,,0.5652173913043477,0.0
1978-07-01,0.554347826086957,0.5652173913043477,0.5326086956521738,0.4347826086956523,0.5410447761194046,0.5171755725190827,0.4887585532746827,0.0594438298285524,0.1378682631628828,0.2562843229916276,0.672562566162932,0.7671009613038605,66.05434782608684,0.5543478260869641,0.5354523227383865,1.0,0.6913176672112229,0.4906220009202853,0.4458136878772007,0.3966150748672499,0.7671009613038596,0.8155080213903741,0.5543478260869571,,,0.5652173913043477,0.0
1978-08-01,0.554347826086957,0.554347826086957,0.5434782608695654,0.4565217391304346,0.544776119402985,0.5267175572519083,0.4975562072336279,0.034319911154097,0.0997410976994256,0.2400860833646205,0.7002633468996896,0.7258170144462276,66.6086956521738,0.5543478260869641,0.5447432762836177,0.727691959748654,0.6676445482567352,0.4975807781884311,0.4527614189491364,0.4024705677639035,0.7258170144462286,0.7794117647058829,0.5543478260869571,,,0.5652173913043477,0.0
1978-09-01,0.5652173913043477,0.554347826086957,0.5652173913043477,0.4565217391304346,0.544776119402985,0.536259541984732,0.5073313782991198,0.034319911154097,0.0549633373311701,0.2126297434118564,0.7280079579857154,0.7460997130210623,67.17391304347814,0.5652173913043548,0.5550122249388751,0.4865353812381272,0.6745983477999182,0.505261128362358,0.4600634373448056,0.4085618470804082,0.7460997130210609,0.955882352941178,0.5652173913043478,,,0.5652173913043477,0.0
1978-10-01,0.5652173913043477,0.5652173913043477,0.554347826086957,0.4673913043478261,0.548507462686568,0.5419847328244263,0.5161290322580658,0.0343199111541116,0.029493664322815,0.1764649790401486,0.7002633468996896,0.7255244755244745,67.73913043478248,0.5652173913043548,0.5623471882640594,0.1514445066156895,0.6573238334275402,0.5117598862018333,0.4668245654889444,0.4144142526982275,0.7255244755244747,0.9283088235294144,0.5652173913043478,,,0.5652173913043477,0.0
1978-11-01,0.5869565217391299,0.5652173913043477,0.554347826086957,0.5108695652173907,0.5597014925373136,0.549618320610687,0.5229716520039114,0.0686398223061651,0.0496461416741484,0.1997756118078514,0.7556649083732088,0.684121212121211,68.3260869565216,0.5869565217391379,0.5657701711491452,0.5867193159658655,0.7099722824201322,0.5208431431908442,0.4748227374657174,0.4209679793979255,0.6841212121212121,0.9558823529411788,0.5869565217391307,,,0.5869565217391299,0.0
1978-12-01,0.5978260869565215,0.5869565217391299,0.5652173913043477,0.5,0.5708955223880601,0.5553435114503813,0.5317693059628548,0.090801949928497,0.0892160446715775,0.2098429488125292,0.7278768810829473,0.7246524575902559,68.92391304347812,0.5978260869565304,0.567726161369194,0.0,0.7446336453477294,0.5303211300516564,0.483097386328831,0.4277301107997076,0.7246524575902558,0.9558823529411788,0.5978260869565222,,,0.5978260869565215,0.0
1979-01-01,0.5978260869565215,0.5978260869565215,0.5652173913043477,0.5108695652173907,0.5820895522388057,0.5629770992366403,0.5395894428152497,0.0343199111542353,0.0949402417709827,0.2137120422138352,0.7002633468996896,0.7042424242424239,69.52173913043464,0.5978260869565304,0.5706601466992662,0.0222677698507141,0.7359492880861715,0.5383409650877269,0.4907590982391205,0.4342270605778919,0.7042424242424246,0.8928571428571468,0.5978260869565222,,,0.5978260869565215,0.0
1979-02-01,0.6195652173913038,0.5978260869565215,0.5869565217391299,0.5,0.5932835820895521,0.5744274809160297,0.5503421309872927,0.0686398223062206,0.1107176152321114,0.2097210909420848,0.7554035802530469,0.764959064327483,70.14130434782594,0.6195652173913118,0.5745721271393638,0.9554092315497656,0.7814520814442325,0.5487112873969329,0.4995911440734408,0.4414000551963708,0.7649590643274837,1.0,0.6195652173913043,,,0.6195652173913038,0.0
1979-03-01,0.6195652173913038,0.6195652173913038,0.5978260869565215,0.5108695652173907,0.6007462686567164,0.5839694656488552,0.5601173020527872,0.0686398223062337,0.1075805005635466,0.1946478438205469,0.7002633468996896,0.7444848484848495,70.76086956521723,0.6195652173913118,0.578973105134474,0.5710665168439846,0.7731332467377854,0.5574861755047218,0.5077689642904044,0.4482917559082429,0.744484848484848,0.9873949579831942,0.6195652173913043,,,0.6195652173913038,0.0
1979-04-01,0.5869565217391299,0.6195652173913038,0.5978260869565215,0.5326086956521738,0.5970149253731343,0.5877862595419847,0.5650048875855331,0.10295973345869,0.0692110155755093,0.1678846976418961,0.6178122769637895,0.6435594035594028,71.34782608695636,0.5869565217391379,0.583374083129585,0.2965245173761559,0.6628001856863399,0.5595346187548262,0.5127342178374397,0.4535169530702934,0.643559403559403,0.8455882352941149,0.5869565217391307,,,0.6195652173913038,0.0
1979-05-01,0.5652173913043477,0.5869565217391299,0.6195652173913038,0.5434782608695654,0.5783582089552244,0.5839694656488552,0.566959921798631,0.1495970244663557,0.1075805005635466,0.1502272326905443,0.645036278533174,0.5833238246170085,71.9130434782607,0.5652173913043548,0.5863080684596582,0.6540744777450982,0.583250319716349,0.5576836088416153,0.5155938066858274,0.4576064133551751,0.5833238246170086,0.7093425605536294,0.5652173913043478,,,0.6195652173913038,0.0
1979-06-01,0.5869565217391299,0.5652173913043477,0.6195652173913038,0.5652173913043477,0.5671641791044788,0.5820610687022896,0.5689149560117297,0.0686398223061569,0.1107176152321169,0.1457197195848249,0.7556649083732088,0.5831972808655282,72.49999999999983,0.5869565217391379,0.5887530562347187,0.4256566938086052,0.6459859493071285,0.559701677732197,0.5199794422776467,0.462466329833032,0.5831972808655274,0.7093425605536294,0.5869565217391307,,,0.6195652173913038,0.0
1979-07-01,0.5978260869565215,0.5869565217391299,0.5869565217391299,0.554347826086957,0.5708955223880601,0.5820610687022896,0.572825024437928,0.0908019499284829,0.1107176152321169,0.1322088146518502,0.7278768810829473,0.6232481779823552,73.09782608695635,0.5978260869565304,0.5921760391198045,1.0,0.6633220320647695,0.563201428509724,0.5249091500435803,0.467601074943242,0.6232481779823543,0.7093425605536294,0.5978260869565222,,,0.6195652173913038,0.0
1979-08-01,0.5978260869565215,0.5978260869565215,0.5652173913043477,0.554347826086957,0.5820895522388057,0.5782442748091601,0.5767350928641255,0.0343199111542073,0.0892160446716031,0.1113383528298425,0.7002633468996896,0.6232481779823552,73.69565217391286,0.5978260869565304,0.5951100244498768,0.727691959748654,0.6580056689056413,0.5661627560907085,0.5294736942712959,0.4725344575001102,0.6232481779823543,0.6470588235294096,0.5978260869565222,,,0.6195652173913038,0.0
1979-09-01,0.6195652173913038,0.5978260869565215,0.5869565217391299,0.5652173913043477,0.5932835820895521,0.5782442748091592,0.5816226783968714,0.068639822306213,0.0892160446716031,0.1103410700771401,0.7554035802530469,0.6430841112547275,74.31521739130416,0.6195652173913118,0.5955990220048895,0.4865353812381272,0.7263929924097141,0.5722528028609934,0.5354379922513814,0.4782052012588949,0.6430841112547269,0.7628676470588166,0.6195652173913043,,,0.6195652173913038,0.0
1979-10-01,0.6086956521739131,0.6195652173913038,0.5978260869565215,0.5652173913043477,0.597014925373136,0.5820610687022896,0.5855327468230689,0.0594438298286606,0.0949402417710008,0.0915982773169301,0.6727796569210569,0.6231218344583268,74.92391304347807,0.6086956521739211,0.5965770171149147,0.1514445066156895,0.6938309466215529,0.5756137653349711,0.5400915563112862,0.4831881493172218,0.6231218344583279,0.7093425605536294,0.6086956521739136,,,0.6195652173913038,0.0
1979-11-01,0.6086956521739131,0.6086956521739131,0.5978260869565215,0.5869565217391299,0.6007462686567164,0.5896946564885504,0.5874877810361685,0.0343199111542875,0.0462769312414104,0.0897647441976226,0.7002633468996896,0.5830715342400388,75.53260869565197,0.6086956521739211,0.6009779951100249,0.5867193159658655,0.6763685781097095,0.5784576566591051,0.5444004119223091,0.4879756876477721,0.5830715342400382,0.6801470588235274,0.6086956521739136,,,0.6195652173913038,0.0
1979-12-01,0.6304347826086953,0.6086956521739131,0.6195652173913038,0.5978260869565215,0.6044776119402995,0.5973282442748085,0.5904203323558175,0.0686398223062394,0.0549633373312593,0.1073099274415155,0.7553170178772982,0.6028770726129219,76.16304347826068,0.6304347826087042,0.6048899755501225,0.0,0.7388127753298299,0.5844483342889797,0.550127961183235,0.4935063065616631,0.6028770726129206,0.7352941176470553,0.6304347826086958,,,0.6304347826086953,0.0
1980-01-01,0.6413043478260869,0.6304347826086953,0.6086956521739131,0.5978260869565215,0.615671641791045,0.6049618320610692,0.594330400782014,0.0908019499285619,0.0768472546928306,0.1315060518058895,0.7277040264088734,0.6227451877263194,76.80434782608677,0.6413043478260949,0.6068459657701712,0.0222677698507141,0.7664632002485305,0.5913095232305228,0.5563001816057476,0.4992854520515921,0.6227451877263189,0.7093425605536294,0.6413043478260873,,,0.6413043478260869,0.0
1980-02-01,0.6413043478260869,0.6413043478260869,0.6086956521739131,0.6195652173913038,0.6268656716417906,0.6125954198473282,0.5962854349951137,0.0343199111544411,0.0700884077628025,0.1483083428021231,0.7002633468996896,0.5828843925144878,77.44565217391286,0.6413043478260949,0.6083129584352083,0.9554092315497656,0.7517348646215432,0.597115144642598,0.5620152005154821,0.5048379643850538,0.5828843925144865,0.6801470588235252,0.6413043478260873,,,0.6413043478260869,0.0
1980-03-01,0.6086956521739131,0.6413043478260869,0.6304347826086953,0.6195652173913038,0.6194029850746272,0.6106870229007644,0.5953079178885625,0.1029597334587277,0.0792735954485837,0.1462077624406657,0.6180699365573393,0.5234668946518477,78.05434782608677,0.6086956521739211,0.6078239608801956,0.5710665168439846,0.6570267569101986,0.5966511314578664,0.5647000824817496,0.5087764903600025,0.5234668946518481,0.5495356037151667,0.6086956521739136,,,0.6413043478260869,0.0
1980-04-01,0.6195652173913038,0.6086956521739131,0.6413043478260869,0.5869565217391299,0.6119402985074638,0.6125954198473282,0.5982404692082115,0.0908019499285536,0.0700884077628025,0.1397624259252264,0.7277901823884919,0.6029709377236919,78.67391304347807,0.6195652173913118,0.6068459657701721,0.2965245173761559,0.6963868535576339,0.5980506589408972,0.5680550183721715,0.5130259779282031,0.6029709377236925,0.5147058823529371,0.6195652173913043,,,0.6413043478260869,0.0
1980-05-01,0.6304347826086953,0.6195652173913038,0.6413043478260869,0.5652173913043477,0.6082089552238799,0.6164122137404577,0.6041055718475086,0.0594438298286926,0.0549633373312876,0.1014835396833274,0.7277470368783223,0.6630463880511283,79.30434782608677,0.6304347826087024,0.6073349633251839,0.6540744777450982,0.7244507615561133,0.6010270285274188,0.5720303745627371,0.5175742325173704,0.6630463880511271,0.5495356037151667,0.6304347826086958,,,0.6413043478260869,0.0
1980-06-01,0.6086956521739131,0.6304347826086953,0.6086956521739131,0.5869565217391299,0.6082089552238816,0.6125954198473282,0.6060606060606073,0.0594438298286926,0.0700884077628025,0.0824099126342693,0.6453819878813238,0.5830715342400388,79.91304347826068,0.6086956521739211,0.6063569682151595,0.4256566938086052,0.6628395043264206,0.5999611870527151,0.5739733917847643,0.5210132969969354,0.5830715342400382,0.5882352941176443,0.6086956521739136,,,0.6413043478260869,0.0
1980-07-01,0.6195652173913038,0.6086956521739131,0.6195652173913038,0.5978260869565215,0.6082089552238799,0.6087786259541987,0.608015640273706,0.0594438298286926,0.0549633373312774,0.0711708692255141,0.7277901823884919,0.5830089574995216,80.53260869565197,0.6195652173913118,0.6044009779951107,1.0,0.6954518504652007,0.600851475213461,0.5766414158749624,0.5247829097950598,0.5830089574995221,0.7093425605536309,0.6195652173913043,,,0.6413043478260869,0.0
1980-08-01,0.6086956521739131,0.6195652173913038,0.6304347826086953,0.5978260869565215,0.6007462686567164,0.6030534351145027,0.6089931573802545,0.0343199111542875,0.0294936643229463,0.0607956836670619,0.6727796569210569,0.5631408423861243,81.14130434782588,0.6086956521739211,0.6034229828850863,0.727691959748654,0.6678100186666427,0.599812641940904,0.5782428744812691,0.5279392810480479,0.563140842386125,0.5974264705882337,0.6086956521739136,,,0.6413043478260869,0.0
1980-09-01,0.5978260869565215,0.6086956521739131,0.6086956521739131,0.6195652173913038,0.5970149253731343,0.6011450381679388,0.6070381231671558,0.0594438298286583,0.0462769312414305,0.0740805081458987,0.6727365114108853,0.5036610620309687,81.7391304347824,0.5978260869565304,0.6048899755501225,0.4865353812381272,0.6328413081606286,0.5971414751478612,0.5788567724543405,0.5305064594439433,0.5036610620309683,0.5147058823529371,0.5978260869565222,,,0.6413043478260869,0.0
1980-10-01,0.6086956521739131,0.5978260869565215,0.6195652173913038,0.6086956521739131,0.5932835820895521,0.599236641221375,0.6070381231671558,0.0343199111542484,0.0451200603203775,0.0740805081458987,0.7278334635763682,0.5432727272727268,82.3478260869563,0.6086956521739211,0.60880195599022,0.1514445066156895,0.6589541370039242,0.596673411116166,0.5802941305732858,0.5334383777695235,0.5432727272727267,0.5536332179930766,0.6086956521739136,,,0.6413043478260869,0.0
1980-11-01,0.6195652173913038,0.6086956521739131,0.6086956521739131,0.6086956521739131,0.5970149253731343,0.5973282442748094,0.6080156402737042,0.0594438298286583,0.0248899655640094,0.0711708692255141,0.7277901823884919,0.5631096522525076,82.9673913043476,0.6195652173913118,0.6127139364303176,0.5867193159658655,0.6763904494486432,0.5980695109594585,0.5824939517902612,0.5367207324981358,0.5631096522525076,0.5147058823529371,0.6195652173913043,,,0.6413043478260869,0.0
1980-12-01,0.5978260869565215,0.6195652173913038,0.5978260869565215,0.6304347826086953,0.5970149253731343,0.5954198473282437,0.605083088954057,0.0594438298286583,0.035123716689466,0.0781896278222464,0.6452959669424241,0.4839482145397639,83.56521739130412,0.5978260869565304,0.6146699266503663,0.0,0.6104933376994381,0.5956665181635596,0.5827929551478519,0.5389435402489298,0.4839482145397638,0.4757785467127976,0.5978260869565222,,,0.6413043478260869,0.0
1981-01-01,0.6304347826086953,0.5978260869565215,0.6086956521739131,0.6413043478260869,0.6044776119402977,0.5973282442748094,0.6041055718475068,0.0908019499285388,0.0549633373312653,0.0668030116957561,0.7829736969297293,0.5235287878787871,84.1956521739128,0.6304347826087042,0.6146699266503672,0.0222677698507141,0.7106237064207193,0.599009678638903,0.5856766123179966,0.542475419845128,0.523528787878787,0.5808823529411719,0.6304347826086958,,,0.6413043478260869,0.0
1981-02-01,0.6304347826086953,0.6304347826086953,0.6195652173913038,0.6413043478260869,0.6082089552238816,0.6011450381679388,0.6031280547409574,0.1029597334587079,0.070088407762791,0.0534803582629548,0.7002633468996896,0.5235287878787871,84.8260869565215,0.6304347826087042,0.615158924205379,0.9554092315497656,0.6987261590287872,0.6018385067334231,0.588346665253316,0.5458687943591221,0.523528787878787,0.5147058823529371,0.6304347826086958,,,0.6413043478260869,0.0
1981-03-01,0.6521739130434776,0.6304347826086953,0.5978260869565215,0.6086956521739131,0.6268656716417906,0.6106870229007635,0.6070381231671558,0.0686398223063081,0.0970200611256682,0.0860204500633069,0.7551447059180534,0.6226204271918531,85.47826086956498,0.6521739130434856,0.6151589242053799,0.5710665168439846,0.7699469791085995,0.6078164385536251,0.5925568046293304,0.5500599225473026,0.6226204271918535,0.5495356037151649,0.6521739130434779,,,0.6521739130434776,0.0
1981-04-01,0.6630434782608701,0.6521739130434776,0.6304347826086953,0.6195652173913038,0.6380597014925371,0.6202290076335872,0.6109481915933523,0.0908019499286182,0.1248909490397188,0.1241339955037701,0.7276184080640739,0.6224960577562458,86.14130434782585,0.6630434782608781,0.6151589242053781,0.2965245173761559,0.8064997874106865,0.6146668425792914,0.5973240158991482,0.5545521063595888,0.6224960577562464,0.5808823529411741,0.6630434782608702,,,0.6630434782608701,0.0
1981-05-01,0.6739130434782608,0.6630434782608701,0.6304347826086953,0.6304347826086953,0.6529850746268666,0.6297709923664119,0.6148582600195498,0.059443829828854,0.1532718888582864,0.1647985281951563,0.7275757989345301,0.6223720775833431,86.81521739130412,0.6739130434782687,0.6161369193154034,0.6540744777450982,0.8330973129310024,0.6222554923172732,0.6026070344780425,0.5593335396930739,0.6223720775833443,0.7352941176470553,0.6739130434782609,,,0.6739130434782608,0.0
1981-06-01,0.6086956521739131,0.6739130434782608,0.6521739130434776,0.6086956521739131,0.6380597014925371,0.6316793893129766,0.6148582600195498,0.1910851782519531,0.1315104095617555,0.1647985281951563,0.5366434942741716,0.5432727272727268,87.42391304347802,0.6086956521739211,0.6166259168704151,0.4256566938086052,0.6336160152071351,0.617923733336438,0.6022851139285654,0.5611349842833953,0.5432727272727267,0.4859335038363145,0.6086956521739136,,,0.6739130434782608,0.0
1981-07-01,0.6195652173913038,0.6086956521739131,0.6630434782608701,0.6195652173913038,0.6231343283582103,0.6297709923664119,0.6148582600195498,0.1910851782519411,0.141467856204304,0.1647985281951563,0.7277901823884919,0.5432727272727268,88.04347826086932,0.6195652173913118,0.6156479217603907,1.0,0.6633920601289525,0.6160505528381499,0.6028559734155197,0.5633311975800899,0.5432727272727267,0.4859335038363125,0.6195652173913043,,,0.6739130434782608,0.0
1981-08-01,0.6195652173913038,0.6195652173913038,0.6739130434782608,0.6086956521739131,0.6044776119402995,0.6278625954198462,0.6158357771261,0.0343199111543871,0.1499092918969883,0.1607624376136881,0.7002633468996896,0.5631096522525076,88.66304347826062,0.6195652173913118,0.6141809290953537,0.727691959748654,0.6706275522777112,0.6144655539549824,0.6033845470145511,0.56544128486515,0.5631096522525076,0.5462184873949526,0.6195652173913043,,,0.6739130434782608,0.0
1981-09-01,0.5869565217391299,0.6195652173913038,0.6086956521739131,0.5978260869565215,0.5970149253731343,0.6164122137404568,0.6148582600195516,0.1029597334587158,0.1916104840212991,0.1717879441663349,0.6178122769637895,0.523404612159328,89.24999999999974,0.5869565217391379,0.6122249388753049,0.4865353812381272,0.5785217717535502,0.6077479389819702,0.6012671648042431,0.5660723828524192,0.5234046121593283,0.4283887468030651,0.5869565217391307,,,0.6739130434782608,0.0
1981-10-01,0.6195652173913038,0.5869565217391299,0.6195652173913038,0.6086956521739131,0.5970149253731343,0.6087786259541978,0.6158357771261,0.1029597334587158,0.1611914861977478,0.167884697641882,0.783103949449459,0.5631096522525076,89.86956521739104,0.6195652173913118,0.6092909535452327,0.1514445066156895,0.6910431739594678,0.6074402653074467,0.6019134279300369,0.5680749726758192,0.5631096522525076,0.54117647058823,0.6195652173913043,,,0.6739130434782608,0.0
1981-11-01,0.6304347826086953,0.6195652173913038,0.6195652173913038,0.6195652173913038,0.6007462686567164,0.6011450381679388,0.6168132942326494,0.1237421994309725,0.0700884077628042,0.1671539763887651,0.7277470368783223,0.5630785598936059,90.49999999999974,0.6304347826087024,0.607334963325183,0.5867193159658655,0.7252095349309826,0.6089720800683454,0.6033807537829832,0.5704644431572374,0.5630785598936067,0.5941176470588193,0.6304347826086958,,,0.6739130434782608,0.0
1981-12-01,0.5978260869565215,0.6304347826086953,0.5869565217391299,0.5978260869565215,0.6044776119402995,0.5992366412213732,0.6168132942326494,0.0908019499285706,0.0792735954485875,0.1671539763887651,0.61794130837214,0.5432727272727268,91.09782608695626,0.5978260869565286,0.6078239608801956,0.0,0.6299507052847488,0.6048917689480033,0.6021325866225951,0.5713639681370868,0.5432727272727267,0.490196078431368,0.5978260869565222,,,0.6739130434782608,0.0
1982-01-01,0.6086956521739131,0.5978260869565215,0.6195652173913038,0.6304347826086953,0.6007462686567164,0.5973282442748094,0.6148582600195516,0.0908019499285651,0.0768472546928415,0.1717879441663349,0.7278334635763682,0.5037230521174186,91.70652173913017,0.6086956521739193,0.6097799511002444,0.0222677698507141,0.657619907248467,0.603231352023978,0.6018458103587054,0.5726936312197992,0.5037230521174185,0.4901960784313698,0.6086956521739136,,,0.6739130434782608,0.0
1982-02-01,0.6195652173913038,0.6086956521739131,0.6304347826086953,0.6304347826086953,0.5970149253731343,0.5973282442748094,0.6138807429130013,0.0594438298287144,0.0768472546928415,0.1719311572143329,0.7277901823884919,0.523497889695072,92.32608695652146,0.61956521739131,0.6122249388753058,0.9554092315497656,0.673640222438074,0.6036185378814531,0.6024492108508346,0.5744365642444782,0.5234978896950719,0.5656108597285019,0.6195652173913043,,,0.6739130434782608,0.0
1982-03-01,0.6195652173913038,0.6195652173913038,0.5978260869565215,0.6521739130434776,0.6044776119402995,0.6030534351145045,0.6109481915933523,0.0343199111543923,0.0451200603203952,0.1600062737966598,0.7002633468996896,0.4841333144234854,92.94565217391276,0.61956521739131,0.616625916870416,0.5710665168439846,0.6654264664663607,0.6039461566839313,0.6030079150102141,0.5761111469544646,0.4841333144234859,0.4859335038363125,0.6195652173913043,,,0.6739130434782608,0.0
1982-04-01,0.6304347826086953,0.6195652173913038,0.6086956521739131,0.6630434782608701,0.6119402985074638,0.6049618320610683,0.608015640273706,0.0343199111544246,0.0549633373312821,0.1322088146518364,0.7277470368783223,0.484225431888982,93.57608695652146,0.6304347826087016,0.6210268948655253,0.2965245173761559,0.6894176605030218,0.6060155266176785,0.6043941677461095,0.5781854733465241,0.4842254318889818,0.5147058823529371,0.6304347826086958,,,0.6739130434782608,0.0
1982-05-01,0.6630434782608701,0.6304347826086953,0.6195652173913038,0.6739130434782608,0.6268656716417906,0.6106870229007635,0.6070381231671558,0.1237421994310064,0.119733784961327,0.1119336714598801,0.7825853854272411,0.5236209057919801,94.23913043478234,0.6630434782608754,0.6239608801955976,0.6540744777450982,0.7772685975988658,0.6131429940181059,0.6082845373035735,0.5815746943823701,0.5236209057919794,0.5411764705882335,0.6630434782608702,,,0.6739130434782608,0.0
1982-06-01,0.6304347826086953,0.6630434782608701,0.6195652173913038,0.6086956521739131,0.6305970149253728,0.6164122137404577,0.6089931573802545,0.1029597334587682,0.0949402417710276,0.1119336714598798,0.6183259907951643,0.5829465772322914,94.86956521739103,0.6304347826087016,0.6278728606356969,0.4256566938086052,0.6684891603775469,0.6137974659004417,0.6092799291288502,0.5834347640125515,0.5829465772322902,0.4411764705882302,0.6304347826086958,,,0.6739130434782608,0.0
1982-07-01,0.6413043478260869,0.6304347826086953,0.6304347826086953,0.6195652173913038,0.6343283582089558,0.6221374045801529,0.6109481915933541,0.0908019499286211,0.0792735954485865,0.1196651389640465,0.7277040264088734,0.5828843925144878,95.51086956521712,0.6413043478260922,0.6312958435207818,1.0,0.6856843272270581,0.6161434038248368,0.6110705222961315,0.5856873033279362,0.5828843925144865,0.441176470588232,0.6413043478260873,,,0.6739130434782608,0.0
1982-08-01,0.6521739130434776,0.6413043478260869,0.6630434782608701,0.6195652173913038,0.6305970149253728,0.6278625954198462,0.6138807429130004,0.0594438298287965,0.0768472546928374,0.1343005342745653,0.7276611503471384,0.602690225135364,96.1630434782606,0.6521739130434829,0.6322738386308062,0.727691959748654,0.719334574058486,0.61992058224636,0.6135974130023083,0.5883169213604766,0.6026902251353651,0.6350267379679078,0.6521739130434779,,,0.6739130434782608,0.0
1982-09-01,0.6521739130434776,0.6521739130434776,0.6304347826086953,0.5869565217391299,0.6380597014925362,0.6335877862595414,0.6197458455522975,0.0343199111545371,0.0579986831681909,0.1144876344854319,0.7002633468996896,0.6626691481746572,96.81521739130409,0.6521739130434829,0.6317848410757945,0.4865353812381272,0.7234434001172474,0.6231166562953403,0.615937126619138,0.5908434171172319,0.6626691481746583,0.6092436974789864,0.6521739130434779,,,0.6739130434782608,0.0
1982-10-01,0.6521739130434776,0.6521739130434776,0.6413043478260869,0.6195652173913038,0.6417910447761193,0.6374045801526709,0.6226783968719465,0.0,0.0451200603203816,0.1196651389640446,0.7002633468996896,0.602690225135364,97.46739130434757,0.6521739130434829,0.6308068459657692,0.1514445066156895,0.7300052910254635,0.625821026644477,0.6181035281162028,0.5932708346090152,0.6026902251353651,0.6092436974789864,0.6521739130434779,,,0.6739130434782608,0.0
1982-11-01,0.6630434782608701,0.6521739130434776,0.6521739130434776,0.6304347826086953,0.6455223880597014,0.6374045801526709,0.6256109481915928,0.0343199111545725,0.0451200603203816,0.1343005342745652,0.7276184080640739,0.6025972400056911,98.13043478260845,0.6630434782608754,0.627872860635696,0.5867193159658655,0.7668531421546412,0.6299014940407819,0.620978389498104,0.5960684728502539,0.602597240005691,0.7585139318885397,0.6630434782608702,,,0.6739130434782608,0.0
1982-12-01,0.6521739130434776,0.6630434782608701,0.6521739130434776,0.5978260869565215,0.6455223880597014,0.6412213740458004,0.6304985337243405,0.0343199111545725,0.0161977239741574,0.1071056969945697,0.6729508948648453,0.6426133028397168,98.78260869565193,0.6521739130434829,0.6273838630806843,0.0,0.7414709302683349,0.6315620431983131,0.6227713641152466,0.5982909861956447,0.642613302839716,0.6314878892733494,0.6521739130434779,,,0.6739130434782608,0.0
1983-01-01,0.6304347826086953,0.6521739130434776,0.6521739130434776,0.6086956521739131,0.6380597014925362,0.6393129770992356,0.6324535679374383,0.0908019499286259,0.0415364853605417,0.0860204500633096,0.6455532245709288,0.5829465772322914,99.41304347826062,0.6304347826087016,0.6298288508557457,0.0222677698507141,0.6674636576459285,0.6293828152067702,0.6226936576581759,0.5994955149704042,0.5829465772322902,0.5147058823529371,0.6304347826086958,,,0.6739130434782608,0.0
1983-02-01,0.6195652173913038,0.6304347826086953,0.6630434782608701,0.6195652173913038,0.6231343283582076,0.6335877862595396,0.6324535679374401,0.0908019499286006,0.0792735954485803,0.0860204500633096,0.6728226673905058,0.5432727272727268,100.03260869565192,0.61956521739131,0.6312958435207818,0.9554092315497656,0.6194466050401282,0.6257466990361236,0.6217527731651602,0.6001873937303532,0.5432727272727267,0.5974264705882283,0.6195652173913043,,,0.6739130434782608,0.0
1983-03-01,0.6086956521739131,0.6195652173913038,0.6521739130434776,0.6195652173913038,0.6082089552238799,0.6259541984732824,0.6314760508308899,0.0594438298287415,0.112566635041646,0.0997756577631088,0.6727796569210569,0.5234668946518477,100.64130434782582,0.6086956521739193,0.6332518337408297,0.5710665168439846,0.5848436415689804,0.6208778313293113,0.6200126497499694,0.6003867263976437,0.5234668946518481,0.5147058823529371,0.6086956521739136,,,0.6739130434782608,0.0
1983-04-01,0.6195652173913038,0.6086956521739131,0.6304347826086953,0.6304347826086953,0.6044776119402977,0.6202290076335872,0.6304985337243405,0.0343199111543954,0.1107176152321421,0.1071056969945694,0.7277901823884919,0.523497889695072,101.26086956521712,0.61956521739131,0.6337408312958432,0.2965245173761559,0.6199034046577268,0.6185501742167352,0.6192703584353385,0.6010436556898577,0.5234978896950719,0.5147058823529371,0.6195652173913043,,,0.6739130434782608,0.0
1983-05-01,0.6086956521739131,0.6195652173913038,0.6195652173913038,0.6630434782608701,0.6007462686567164,0.6106870229007635,0.6256109481915928,0.0343199111543807,0.0792735954485917,0.1121316083038463,0.6727796569210569,0.4448605682998208,101.86956521739103,0.6086956521739193,0.632762836185818,0.6540744777450982,0.5852981383584535,0.6147884641744437,0.6177141175927288,0.601209409456775,0.44486056829982,0.4757785467128013,0.6086956521739136,,,0.6739130434782608,0.0
1983-06-01,0.6739130434782608,0.6086956521739131,0.6086956521739131,0.6304347826086953,0.6231343283582076,0.6145038167938939,0.629521016617792,0.1910851782519426,0.1331231784349629,0.1356815267935461,0.8654243598325114,0.6223720775833431,102.54347826086929,0.673913043478267,0.6322738386308062,0.4256566938086052,0.7894855221345374,0.6223584028977873,0.6214867582683947,0.6041611446295869,0.6223720775833443,0.6350267379679096,0.6739130434782609,,,0.6739130434782608,0.0
1983-07-01,0.6521739130434776,0.6739130434782608,0.6195652173913038,0.6413043478260869,0.6343283582089541,0.6183206106870225,0.6304985337243387,0.181603899856217,0.1474683216099462,0.1382427665443817,0.645723396024515,0.563016666666665,103.19565217391278,0.6521739130434847,0.6322738386308062,1.0,0.7162683541349786,0.6251794276157794,0.6232420759395891,0.6060662982973568,0.5630166666666649,0.4831932773109177,0.6521739130434779,,,0.6739130434782608,0.0
1983-08-01,0.6739130434782608,0.6521739130434776,0.6086956521739131,0.6521739130434776,0.6567164179104452,0.627862595419848,0.6324535679374401,0.0686398223063861,0.1769619859316936,0.1538532333255718,0.7549734692284543,0.5826990025055563,103.86956521739104,0.6739130434782687,0.6337408312958415,0.727691959748654,0.781883591431825,0.6311507565789176,0.6266052382191916,0.608827567241125,0.5826990025055547,0.647058823529407,0.6739130434782609,,,0.6739130434782608,0.0
1983-09-01,0.6739130434782608,0.6739130434782608,0.6739130434782608,0.6521739130434776,0.656716417910447,0.6393129770992356,0.6344086021505371,0.0686398223063861,0.1665893017741086,0.1671539763887667,0.7002633468996896,0.5826990025055563,104.5434782608693,0.6739130434782687,0.637163814180929,0.4865353812381272,0.7748377214987698,0.6362034195477264,0.6297192773669726,0.6114805511282757,0.5826990025055547,0.6191950464396234,0.6739130434782609,,,0.6739130434782608,0.0
1983-10-01,0.6413043478260869,0.6739130434782608,0.6521739130434776,0.6521739130434776,0.6529850746268648,0.6431297709923669,0.6334310850439886,0.1029597334587914,0.1439932739061844,0.1661267084735278,0.6184534205869305,0.5235595896563134,105.1847826086954,0.6413043478260949,0.6415647921760383,0.1514445066156895,0.666057579873577,0.6351022876802324,0.6299958447388381,0.6126332556548082,0.5235595896563141,0.4831932773109221,0.6413043478260873,,,0.6739130434782608,0.0
1983-11-01,0.6521739130434776,0.6413043478260869,0.6739130434782608,0.6630434782608701,0.6455223880596996,0.6507633587786241,0.6324535679374401,0.0908019499286336,0.0665307497224926,0.1612148019787353,0.7276611503471384,0.5235902954781434,105.83695652173888,0.6521739130434856,0.6479217603911964,0.5867193159658655,0.6764556542835756,0.635962714739386,0.6311208597085178,0.6142061696745298,0.5235902954781437,0.5147058823529371,0.6521739130434779,,,0.6739130434782608,0.0
1983-12-01,0.6521739130434776,0.6521739130434776,0.6739130434782608,0.6521739130434776,0.6380597014925362,0.6469465648854946,0.6324535679374401,0.034319911154539,0.0589873286446732,0.1612148019787353,0.7002633468996896,0.5432727272727268,106.48913043478237,0.6521739130434856,0.653300733496331,0.0,0.667804960803867,0.6366907684048231,0.6321625402359983,0.6157174007915183,0.5432727272727267,0.5147058823529371,0.6521739130434779,,,0.6739130434782608,0.0
1984-01-01,0.6304347826086953,0.6521739130434776,0.6413043478260869,0.6304347826086953,0.6343283582089541,0.6431297709923651,0.6324535679374401,0.0686398223063477,0.0862478322176643,0.1612148019787353,0.6455532245709288,0.5432727272727268,107.11956521739106,0.6304347826087042,0.6572127139364285,0.0222677698507141,0.5899372067419968,0.6337225057661255,0.6313891911033176,0.6162385407585953,0.5432727272727267,0.4283887468030635,0.6304347826086958,,,0.6739130434782608,0.0
1984-02-01,0.6521739130434776,0.6304347826086953,0.6521739130434776,0.6195652173913038,0.6343283582089541,0.6393129770992356,0.6353861192570873,0.0686398223063477,0.0665307497224992,0.153384044081107,0.7551447059180534,0.602690225135364,107.77173913043454,0.6521739130434856,0.6601466992665026,0.9554092315497656,0.637707971861655,0.6347952069659124,0.6324109952311838,0.6176700710487575,0.6026902251353651,0.5147058823529371,0.6521739130434779,,,0.6739130434782608,0.0
1984-03-01,0.6521739130434776,0.6521739130434776,0.6521739130434776,0.6086956521739131,0.6343283582089541,0.6354961832061061,0.6392961876832848,0.0686398223063477,0.030950360921974,0.1293807256899617,0.7002633468996896,0.6226204271918531,108.42391304347802,0.6521739130434856,0.6611246943765279,0.5710665168439846,0.6392561078294925,0.6357028772118847,0.6333571101643942,0.6190454628961684,0.6226204271918535,0.574866310160423,0.6521739130434779,,,0.6739130434782608,0.0
1984-04-01,0.6739130434782608,0.6521739130434776,0.6304347826086953,0.6195652173913038,0.6492537313432818,0.6412213740458004,0.6441837732160316,0.06863982230638,0.0618891122688411,0.1211681495259655,0.7549734692284543,0.6423018903771249,109.09782608695629,0.6739130434782705,0.6635696821515884,0.2965245173761559,0.7019055801529355,0.6400552139294673,0.6359710106495662,0.6212977449929245,0.6423018903771249,0.6585677749360586,0.6739130434782609,,,0.6739130434782608,0.0
1984-05-01,0.6956521739130439,0.6739130434782608,0.6521739130434776,0.6086956521739131,0.6641791044776122,0.6488549618320612,0.6520039100684265,0.1188876596560934,0.1197337849613101,0.1054618431470816,0.7548032977748623,0.7019681271109821,109.79347826086934,0.6956521739130528,0.667481662591686,0.6540744777450982,0.7532357609642304,0.647322268430722,0.6401291570161849,0.6243925294861112,0.7019681271109832,0.735294117647055,0.6956521739130438,,,0.6956521739130439,0.0
1984-06-01,0.7065217391304346,0.6956521739130439,0.6521739130434776,0.6739130434782608,0.6828358208955212,0.6583969465648831,0.6549364613880746,0.0908019499286993,0.1630075762372165,0.1404338225643237,0.7274487642739031,0.6022281917149728,110.49999999999977,0.7065217391304444,0.671882640586797,0.4256566938086052,0.7765251660334336,0.6552634685711256,0.6448482266106375,0.6278313634737964,0.6022281917149713,0.735294117647055,0.7065217391304345,,,0.7065217391304346,0.0
1984-07-01,0.7065217391304346,0.7065217391304346,0.6739130434782608,0.6521739130434776,0.6940298507462668,0.6717557251908381,0.6598240469208205,0.034319911154792,0.1394203389830923,0.164798528195184,0.7002633468996896,0.6418384153547962,111.20652173913021,0.7065217391304444,0.6782396088019569,1.0,0.7520072833760629,0.6619829456130049,0.6492177354943891,0.6311353412266696,0.6418384153547955,0.7736572890025515,0.7065217391304345,,,0.7065217391304346,0.0
1984-08-01,0.6847826086956532,0.7065217391304346,0.6956521739130439,0.6739130434782608,0.6902985074626855,0.6774809160305342,0.6608015640273708,0.0686398223064687,0.1107176152321216,0.1684674697624623,0.6459766775301319,0.5629245487534764,111.89130434782587,0.6847826086956621,0.6850855745721285,0.727691959748654,0.6694167019050745,0.6640843489082195,0.6515257089138107,0.6333789240399899,0.5629245487534768,0.5495356037151694,0.6847826086956531,,,0.7065217391304346,0.0
1984-09-01,0.6847826086956532,0.6847826086956532,0.7065217391304346,0.6739130434782608,0.6828358208955212,0.6832061068702293,0.661779081133921,0.068639822306448,0.0579986831681674,0.1717879441663663,0.7002633468996896,0.5629245487534764,112.57608695652152,0.6847826086956621,0.6919315403422983,0.4865353812381272,0.6528295914072508,0.6658624593887854,0.6536627213392006,0.6355345232135718,0.5629245487534768,0.631487889273358,0.6847826086956531,,,0.7065217391304346,0.0
1984-10-01,0.6847826086956532,0.6847826086956532,0.7065217391304346,0.6413043478260869,0.6753731343283595,0.6851145038167941,0.6656891495601185,0.0,0.0415364853605187,0.1612148019787766,0.7002633468996896,0.6222484848484855,113.26086956521718,0.6847826086956621,0.6987775061124699,0.1514445066156895,0.6373272101573839,0.6673670144108046,0.6556414365478949,0.6376055890862284,0.6222484848484854,0.5588235294117652,0.6847826086956531,,,0.7065217391304346,0.0
1984-11-01,0.6956521739130439,0.6847826086956532,0.6847826086956532,0.6521739130434776,0.6791044776119417,0.6851145038167941,0.669599217986315,0.0343199111547091,0.0415364853605187,0.1600062737967109,0.7274909776549193,0.6221252777383829,113.95652173913022,0.6956521739130528,0.7031784841075792,0.5867193159658655,0.6531395465121257,0.6704322534533924,0.6583425143294539,0.6400608502816381,0.6221252777383829,0.5974264705882337,0.6956521739130438,,,0.7065217391304346,0.0
1984-12-01,0.7065217391304346,0.6956521739130439,0.6847826086956532,0.6521739130434776,0.6865671641791034,0.6851145038167941,0.674486803519061,0.0594438298289383,0.0415364853605187,0.1607624376137511,0.7274487642739031,0.6418384153547962,114.66304347826066,0.7065217391304444,0.7046454767726162,0.0,0.688666792547636,0.6748180712826155,0.6617124463451454,0.6428852403165575,0.6418384153547955,0.7983193277310916,0.7065217391304345,,,0.7065217391304346,0.0
1985-01-01,0.7173913043478262,0.7065217391304346,0.6847826086956532,0.6304347826086953,0.6977611940298507,0.6870229007633588,0.6823069403714577,0.0594438298289837,0.0618891122688392,0.1293807256900531,0.7274066815844743,0.7014714278939622,115.38043478260849,0.7173913043478377,0.705134474327628,0.0222677698507141,0.7201001889111183,0.6803213019313015,0.6657016878368855,0.6460642835502197,0.7014714278939634,0.7983193277310955,0.7173913043478267,,,0.7173913043478262,0.0
1985-02-01,0.7173913043478262,0.7173913043478262,0.6956521739130439,0.6521739130434776,0.7052238805970132,0.6927480916030531,0.688172043010753,0.0343199111548834,0.0700884077627847,0.1137061900727754,0.7002633468996896,0.6615515529712124,116.09782608695632,0.7173913043478377,0.706601466992665,0.9554092315497656,0.7054579748153387,0.6849778817109566,0.6693954299588674,0.6491186584217763,0.6615515529712109,0.7983193277310955,0.7173913043478267,,,0.7173913043478262,0.0
1985-03-01,0.7391304347826093,0.7173913043478262,0.7065217391304346,0.6521739130434776,0.7164179104477615,0.7022900763358786,0.6959921798631479,0.0686398223065645,0.0970200611256646,0.1073099274416569,0.7544661110615686,0.700977828204039,116.83695652173893,0.7391304347826191,0.7100244498777508,0.5710665168439846,0.7662015465577703,0.6925023726493489,0.6745534296929039,0.6529840810711445,0.700977828204039,0.9873949579831952,0.7391304347826096,,,0.7391304347826093,0.0
1985-04-01,0.7391304347826093,0.7391304347826093,0.7173913043478262,0.6739130434782608,0.7238805970149258,0.7118320610687023,0.701857282502445,0.0686398223065907,0.0862478322176803,0.1144876344855926,0.7002633468996896,0.6611836561572186,117.57608695652154,0.7391304347826191,0.7154034229828836,0.2965245173761559,0.7541169837726436,0.6988692495972204,0.679329355372567,0.6566979185185771,0.6611836561572187,0.9558823529411804,0.7391304347826096,,,0.7391304347826093,0.0
1985-05-01,0.7282608695652169,0.7391304347826093,0.7173913043478262,0.6956521739130439,0.7276119402985071,0.7175572519083966,0.7047898338220921,0.0343199111550382,0.0579986831681931,0.1196651389642094,0.6732454821749286,0.602045384073289,118.30434782608675,0.7282608695652275,0.7202933985330064,0.6540744777450982,0.7033173977471954,0.702464452990692,0.6828825747098595,0.6598007016895266,0.6020453840732899,0.8710407239818967,0.7282608695652174,,,0.7391304347826093,0.0
1985-06-01,0.7065217391304346,0.7282608695652169,0.7391304347826093,0.7065217391304346,0.7164179104477615,0.7175572519083966,0.7047898338220921,0.090801949928785,0.0579986831681931,0.1196651389642094,0.6461442289787998,0.5432727272727268,119.01086956521719,0.7065217391304444,0.724205378973104,0.4256566938086052,0.628948889447571,0.7019222401218688,0.6844347244751514,0.6618509799045276,0.5432727272727267,0.6674208144796321,0.7065217391304345,,,0.7391304347826093,0.0
1985-07-01,0.7173913043478262,0.7065217391304346,0.7391304347826093,0.7065217391304346,0.7089552238805963,0.7175572519083966,0.7057673509286424,0.0594438298290196,0.0579986831681931,0.1206061236311352,0.7274066815844743,0.5628332864246203,119.72826086956502,0.7173913043478377,0.727139364303178,1.0,0.6472446401198653,0.7032555986414373,0.6867408342535573,0.6642862686445437,0.5628332864246188,0.6249999999999967,0.7173913043478267,,,0.7391304347826093,0.0
1985-08-01,0.7065217391304346,0.7173913043478262,0.7282608695652169,0.6847826086956532,0.7014925373134329,0.7156488549618318,0.7077223851417394,0.0343199111548218,0.0700884077627993,0.1073099274416952,0.6731619648187481,0.5825153397327272,120.43478260869546,0.7065217391304452,0.7295843520782386,0.727691959748654,0.6105078702842093,0.7025916710571156,0.6880071870156117,0.6661606422730735,0.5825153397327283,0.5147058823529371,0.7065217391304345,,,0.7391304347826093,0.0
1985-09-01,0.7391304347826093,0.7065217391304346,0.7065217391304346,0.6847826086956532,0.7126865671641802,0.7156488549618318,0.7126099706744871,0.0908019499287765,0.0700884077627993,0.1021188677635987,0.781693350954036,0.6413792584227376,121.17391304347807,0.7391304347826217,0.7320293398532991,0.4865353812381272,0.705181812663497,0.707406348249946,0.6917865380787775,0.6693577518302343,0.6413792584227361,0.6470588235294095,0.7391304347826096,,,0.7391304347826093,0.0
1985-10-01,0.75,0.7391304347826093,0.7173913043478262,0.6847826086956532,0.7238805970149258,0.7175572519083966,0.7184750733137824,0.1237421994311613,0.0884809929664431,0.0969563884122761,0.7272812116244448,0.6610005646527363,121.92391304347807,0.7500000000000115,0.7339853300733479,0.1514445066156895,0.7363951275019147,0.7132724598986044,0.6961548712811432,0.6728948981342855,0.6610005646527369,0.7983193277310773,0.7500000000000003,,,0.75,0.0
1985-11-01,0.7391304347826093,0.75,0.7065217391304346,0.6956521739130439,0.7350746268656714,0.7194656488549613,0.7223851417399816,0.0343199111551614,0.0949402417710247,0.0841074412627033,0.6732870481206624,0.6216362696734793,122.66304347826068,0.7391304347826209,0.736919315403421,0.5867193159658655,0.6903316054062003,0.716443938808129,0.6993306901764926,0.6758279192263004,0.6216362696734795,0.7352941176470493,0.7391304347826096,,,0.75,0.0
1985-12-01,0.75,0.7391304347826093,0.7391304347826093,0.7065217391304346,0.7388059701492526,0.7270992366412221,0.726295210166179,0.0343199111551968,0.0892160446716321,0.086020450063596,0.7272812116244448,0.6215149638802895,123.41304347826068,0.7500000000000098,0.7427872860635683,0.0,0.7133816411800638,0.7209196519093757,0.7031401972975457,0.6791113334756034,0.6215149638802895,0.7628676470588123,0.7500000000000003,,,0.75,0.0
1986-01-01,0.7391304347826093,0.75,0.75,0.7173913043478262,0.7350746268656723,0.7309160305343516,0.7282502443792769,0.0343199111551614,0.076847254692839,0.0841074412627233,0.6732870481206624,0.5823333801695458,124.15217391304328,0.7391304347826191,0.7501222493887516,0.0222677698507141,0.6597078277293456,0.7229146397403206,0.705798584636125,0.6818005727895278,0.582333380169547,0.6801470588235244,0.7391304347826096,,,0.75,0.0
1986-02-01,0.75,0.7391304347826093,0.7391304347826093,0.7173913043478262,0.7388059701492526,0.7385496183206106,0.7311827956989259,0.0343199111551968,0.0100762386768773,0.0862576088262039,0.7272812116244448,0.6018637066179567,124.90217391304328,0.7500000000000089,0.7569682151589232,0.9554092315497656,0.6629378788296378,0.7263948603904611,0.7091289884638714,0.684849765330469,0.6018637066179559,0.6801470588235244,0.7500000000000003,,,0.75,0.0
1986-03-01,0.7608695652173907,0.75,0.75,0.7391304347826093,0.7425373134328348,0.7423664122137401,0.7331378299120246,0.0594438298292136,0.0248899655640309,0.1014835396836053,0.7272396456787168,0.5822130083578443,125.66304347826068,0.7608695652173996,0.7628361858190695,0.5710665168439846,0.6836739470577591,0.7311318165029981,0.7130816297815894,0.6882447952856028,0.5822130083578437,0.6801470588235201,0.760869565217391,,,0.7608695652173907,0.0
1986-04-01,0.7608695652173907,0.7608695652173907,0.7391304347826093,0.7391304347826093,0.75,0.7442748091603049,0.7350928641251215,0.0343199111553028,0.0351237166894849,0.1137061900729162,0.7002633468996896,0.5822130083578443,126.42391304347807,0.7608695652173996,0.7672371638141806,0.2965245173761559,0.674469865865273,0.7351400101366847,0.7167414828535517,0.6915066868111248,0.5822130083578437,0.6801470588235201,0.760869565217391,,,0.7608695652173907,0.0
1986-05-01,0.7717391304347831,0.7608695652173907,0.75,0.7282608695652169,0.7574626865671643,0.7499999999999991,0.7390029325513208,0.0343199111553845,0.0462769312414434,0.131506051806132,0.7271982074317458,0.6212734754956977,127.19565217391285,0.771739130434792,0.7716381418092899,0.6540744777450982,0.6909391792951389,0.7403237126199151,0.7209991697677633,0.6951060746141895,0.6212734754956983,0.6470588235294046,0.7717391304347833,,,0.7717391304347831,0.0
1986-06-01,0.7934782608695663,0.7717391304347831,0.7608695652173907,0.7065217391304346,0.7686567164179099,0.7576335877862599,0.7468230694037148,0.0908019499289892,0.0949402417710265,0.1476644555826344,0.7540504456922299,0.6997572004878521,127.98913043478241,0.7934782608695752,0.7755501222493892,0.4256566938086052,0.7480909292448814,0.7482942304613314,0.7266793406057159,0.6994951371389275,0.6997572004878524,0.7093425605536262,0.7934782608695662,,,0.7934782608695663,0.0
1986-07-01,0.7934782608695663,0.7934782608695663,0.7608695652173907,0.7173913043478262,0.7798507462686564,0.7671755725190836,0.7536656891495612,0.0686398223068873,0.0913943861645277,0.1575675384437262,0.7002633468996896,0.6799850124115976,128.782608695652,0.7934782608695752,0.7794621026894859,1.0,0.7306787556277108,0.7550385147886836,0.7319387580482655,0.7037120795646565,0.6799850124115967,0.7628676470588204,0.7934782608695662,,,0.7934782608695663,0.0
1986-08-01,0.7826086956521738,0.7934782608695663,0.7717391304347831,0.7065217391304346,0.7835820895522385,0.7729007633587779,0.7605083088954068,0.0343199111556375,0.0700884077627928,0.1235818849011712,0.6734520407737412,0.6801966413359615,129.56521739130417,0.7826086956521827,0.7843520782396087,0.727691959748654,0.6873833693428217,0.7589530628878709,0.7359396549437838,0.7072982381069108,0.6801966413359603,0.8235294117646984,0.7826086956521741,,,0.7934782608695663,0.0
1986-09-01,0.7934782608695663,0.7826086956521738,0.7934782608695663,0.7391304347826093,0.7835820895522385,0.778625954198473,0.7653958944281527,0.0343199111556375,0.0618891122688499,0.1299144846951041,0.7271157116873919,0.6406234299855246,130.35869565217374,0.7934782608695752,0.7887530562347189,0.4865353812381272,0.7105290359454415,0.7640575268419108,0.7405131231761048,0.7112091765731119,0.6406234299855249,0.8235294117646984,0.7934782608695662,,,0.7934782608695663,0.0
1986-10-01,0.7934782608695663,0.7934782608695663,0.7934782608695663,0.75,0.7835820895522385,0.7843511450381682,0.7693059628543502,0.0343199111556375,0.0309503609219714,0.1368812719259448,0.7002633468996896,0.621033473193473,131.1521739130433,0.7934782608695752,0.7921760391198038,0.1514445066156895,0.7047611056844261,0.7683766886491741,0.7447478159838106,0.7149667449033821,0.6210334731934738,0.8928571428571406,0.7934782608695662,,,0.7934782608695663,0.0
1986-11-01,0.7934782608695663,0.7934782608695663,0.7826086956521738,0.7391304347826093,0.7873134328358224,0.7881679389312977,0.774193548387097,0.0,1.1794940024678624e-12,0.1272291038799181,0.7002633468996896,0.6406234299855246,131.94565217391286,0.7934782608695752,0.7960880195599014,0.5867193159658655,0.6889707951138995,0.7720313640245502,0.7486688278427973,0.7185769576128571,0.6406234299855249,0.8155080213903703,0.7934782608695662,,,0.7934782608695663,0.0
1986-12-01,0.7826086956521738,0.7934782608695663,0.7934782608695663,0.75,0.7835820895522385,0.786259541984732,0.7771260997067442,0.0343199111556314,0.0078131979999021,0.1166170692098231,0.6734520407737412,0.6015932867132844,132.72826086956505,0.7826086956521827,0.7990220048899763,0.0,0.6547506176341926,0.7733316276259119,0.7514304603090913,0.7215801797610633,0.6015932867132856,0.6951871657753929,0.7826086956521741,,,0.7934782608695663,0.0
1987-01-01,0.7934782608695663,0.7826086956521738,0.7934782608695663,0.7391304347826093,0.7835820895522385,0.7862595419847329,0.7820136852394919,0.0343199111556314,0.0078131979999021,0.088139618492163,0.7271157116873919,0.6406234299855246,133.5217391304346,0.7934782608695752,0.8004889975550125,0.0222677698507141,0.6830776970528589,0.7762240046971751,0.754856461477317,0.7249310420839628,0.6406234299855249,0.8155080213903625,0.7934782608695662,,,0.7934782608695663,0.0
1987-02-01,0.804347826086957,0.7934782608695663,0.7934782608695663,0.75,0.7873134328358207,0.7900763358778615,0.7869012707722396,0.0594438298294695,0.0161977239741271,0.071971613800311,0.7270746530256341,0.6404736596736589,134.32608695652158,0.8043478260869659,0.8034229828850865,0.9554092315497656,0.6970596244943792,0.7804635547045091,0.7588976188510328,0.7286159116335273,0.6404736596736591,0.8155080213903625,0.804347826086957,,,0.804347826086957,0.0
1987-03-01,0.804347826086957,0.804347826086957,0.7826086956521738,0.7608695652173907,0.7947761194029841,0.791984732824428,0.7908113391984362,0.034319911155754,0.0248899655639851,0.0607956836677092,0.7002633468996896,0.6209140250430584,135.13043478260855,0.8043478260869659,0.805867970660147,0.5710665168439846,0.6945849280526346,0.7840508662491761,0.7626394312341036,0.7321562764948739,0.6209140250430578,0.9117647058823316,0.804347826086957,,,0.804347826086957,0.0
1987-04-01,0.7934782608695663,0.804347826086957,0.7934782608695663,0.7608695652173907,0.7947761194029841,0.791984732824428,0.7937438905180851,0.034319911155754,0.0248899655639851,0.0309780037320248,0.6734929740655404,0.6015037006004755,135.9239130434781,0.7934782608695752,0.8078239608801958,0.2965245173761559,0.659622498064838,0.7852941296860907,0.7652351382597358,0.735092389926252,0.6015037006004764,0.7794117647058731,0.7934782608695662,,,0.804347826086957,0.0
1987-05-01,0.8260869565217392,0.7934782608695663,0.804347826086957,0.7717391304347831,0.8022388059701484,0.7977099236641223,0.7986314760508311,0.0908019499291196,0.0692110155755067,0.050917412498164,0.780697265277523,0.6401754973043321,136.74999999999986,0.8260869565217472,0.8107579462102699,0.6540744777450982,0.7452588878244271,0.7917225838968909,0.7702453729002885,0.7393096024312467,0.6401754973043311,0.8455882352941079,0.8260869565217399,,,0.8260869565217392,0.0
1987-06-01,0.804347826086957,0.8260869565217392,0.804347826086957,0.7934782608695663,0.8022388059701484,0.8015267175572518,0.7996089931573813,0.0908019499291196,0.0496461416742009,0.0525271845710711,0.6468855867585382,0.5625940135297923,137.55434782608683,0.8043478260869641,0.8141809290953557,0.4256566938086052,0.6731351227019964,0.7935777371042683,0.7731466109093406,0.7424306068691529,0.5625940135297917,0.703781512605035,0.804347826086957,,,0.8260869565217392,0.0
1987-07-01,0.8152173913043477,0.804347826086957,0.7934782608695663,0.7934782608695663,0.8097014925373118,0.8053435114503831,0.80156402737048,0.059443829829625,0.0451200603203453,0.061089494628451,0.7270337197338369,0.5819152997868579,138.36956521739117,0.8152173913043548,0.8180929095354532,1.0,0.6883975773706155,0.7969396361498529,0.7767018764690059,0.7458946325684312,0.5819152997868566,0.7037815126050301,0.8152173913043477,,,0.8260869565217392,0.0
1987-08-01,0.8260869565217392,0.8152173913043477,0.8260869565217392,0.7826086956521738,0.8097014925373136,0.8091603053435126,0.8054740957966766,0.059443829829625,0.0579986831681522,0.0700945089909967,0.7269929112386685,0.6206762262750012,139.19565217391292,0.8260869565217472,0.8220048899755508,0.727691959748654,0.7131565093835732,0.801576473981612,0.7808627230940566,0.7496882277149073,0.6206762262750017,0.6674208144796286,0.8260869565217399,,,0.8260869565217392,0.0
1987-09-01,0.804347826086957,0.8260869565217392,0.804347826086957,0.7934782608695663,0.8097014925373118,0.8091603053435108,0.8064516129032269,0.059443829829625,0.0579986831681522,0.0676349412190548,0.6468855867585382,0.5625940135297923,139.9999999999999,0.8043478260869641,0.8249388753056248,0.4865353812381272,0.6426501629329593,0.801915644099032,0.782977490718384,0.7524022272397302,0.5625940135297917,0.5588235294117571,0.804347826086957,,,0.8260869565217392,0.0
1987-10-01,0.8260869565217392,0.804347826086957,0.8152173913043477,0.7934782608695663,0.8134328358208949,0.814885496183205,0.8093841642228741,0.0686398223070805,0.0415364853604924,0.0764090675712421,0.753804092567992,0.6012365860439233,140.82608695652164,0.8260869565217472,0.8278728606356971,0.1514445066156895,0.7033614467531955,0.8057869422463027,0.7866734770286659,0.7559406225951752,0.6012365860439244,0.6801470588235244,0.8260869565217399,,,0.8260869565217392,0.0
1987-11-01,0.8260869565217392,0.8260869565217392,0.8260869565217392,0.7934782608695663,0.8134328358208949,0.8148854961832068,0.812316715542523,0.0686398223070805,0.0415364853604924,0.080193433244355,0.7002633468996896,0.6012365860439233,141.65217391304338,0.8260869565217472,0.8298288508557459,0.5867193159658655,0.6930413148008618,0.8090626560632241,0.7900956865752233,0.7593402573484473,0.6012365860439244,0.6470588235294046,0.8260869565217399,,,0.8260869565217392,0.0
1987-12-01,0.8260869565217392,0.8260869565217392,0.804347826086957,0.7826086956521738,0.820895522388061,0.8187022900763363,0.8162267839687205,0.0,0.0309503609219206,0.0654024735191727,0.7002633468996896,0.6206762262750012,142.47826086956513,0.8260869565217472,0.8312958435207829,0.0,0.6955776339427793,0.8118344139083113,0.793264399118331,0.7626065730917873,0.6206762262750017,0.6470588235294046,0.8260869565217399,,,0.8260869565217392,0.0
1988-01-01,0.8369565217391299,0.8260869565217392,0.8260869565217392,0.7934782608695663,0.8246268656716422,0.8225190839694658,0.8201368523949171,0.034319911156135,0.0415364853604791,0.0676349412191145,0.7269522269702624,0.6205578723009888,143.31521739130426,0.8369565217391379,0.834229828850857,0.0222677698507141,0.7197082783011091,0.8159719014934961,0.7970673262836065,0.7662102116139318,0.6205578723009894,0.6801470588235201,0.8369565217391306,,,0.8369565217391299,0.0
1988-02-01,0.8478260869565224,0.8369565217391299,0.8260869565217392,0.804347826086957,0.8320895522388065,0.8263358778625953,0.8240469208211145,0.0594438298297947,0.06653074972246,0.0860204500639477,0.726911666362256,0.6204398797131624,144.1630434782608,0.8478260869565304,0.8376528117359427,0.9554092315497656,0.732195072770935,0.8212650065510712,0.8014574892101463,0.7701379445706147,0.6204398797131627,0.7628676470588204,0.8478260869565227,,,0.8478260869565224,0.0
1988-03-01,0.8260869565217392,0.8478260869565224,0.8260869565217392,0.804347826086957,0.8320895522388065,0.8301526717557248,0.826001955034215,0.0594438298297947,0.0309503609219028,0.0801934332444137,0.647047582995689,0.581856303492946,144.98913043478254,0.8260869565217472,0.8415647921760385,0.5710665168439846,0.6607459146923489,0.8221594797057206,0.8037845867432605,0.7729808215993588,0.5818563034929447,0.6314878892733504,0.8260869565217399,,,0.8478260869565224,0.0
1988-04-01,0.8369565217391299,0.8260869565217392,0.8369565217391299,0.7934782608695663,0.8320895522388065,0.8320610687022896,0.8299120234604107,0.0594438298297947,0.0294936643228565,0.0607956836678878,0.7269522269702624,0.6205578723009888,145.82608695652166,0.8369565217391379,0.8449877750611243,0.2965245173761559,0.6868339976033973,0.824708495629765,0.8068082407511339,0.7761776268466969,0.6205578723009894,0.6314878892733504,0.8369565217391306,,,0.8478260869565224,0.0
1988-05-01,0.8260869565217392,0.8369565217391299,0.8478260869565224,0.8260869565217392,0.8246268656716422,0.8320610687022896,0.8299120234604125,0.034319911156135,0.0294936643228565,0.0607956836678878,0.6736150274371251,0.5432727272727268,146.6521739130434,0.8260869565217472,0.8488997555012237,0.6540744777450982,0.6395699170958515,0.8250732012338462,0.8087389863182493,0.7787836535901045,0.5432727272727267,0.5882352941176437,0.8260869565217399,,,0.8478260869565224,0.0
1988-06-01,0.8369565217391299,0.8260869565217392,0.8260869565217392,0.804347826086957,0.8283582089552244,0.8339694656488543,0.8328445747800588,0.034319911156185,0.0248899655639183,0.048617008098851,0.7269522269702624,0.6011480916030528,147.48913043478254,0.8369565217391379,0.853300733496333,0.4256566938086052,0.662424426215356,0.82717395230741,0.8113956477650133,0.7817528967985892,0.6011480916030523,0.6617647058823453,0.8369565217391306,,,0.8478260869565224,0.0
1988-07-01,0.8478260869565224,0.8369565217391299,0.8369565217391299,0.8152173913043477,0.8320895522388065,0.8358778625954191,0.835777126099706,0.0594438298297947,0.0351237166893906,0.0534803582638739,0.726911666362256,0.6010598669623091,148.33695652173907,0.8478260869565304,0.8586797066014658,1.0,0.6735387394280181,0.8307436649320756,0.8147244535447831,0.7850711126892076,0.6010598669623076,0.5974264705882316,0.8478260869565227,,,0.8478260869565224,0.0
1988-08-01,0.8695652173913038,0.8478260869565224,0.8260869565217392,0.8260869565217392,0.8470149253731334,0.8396946564885486,0.8396871945259052,0.090801949929336,0.0792735954485228,0.0897647441983005,0.7534791108036863,0.6202049720953798,149.20652173913038,0.8695652173913118,0.8640586797066021,0.727691959748654,0.7265116020395155,0.8373484990470148,0.8195445492582518,0.7891900296510066,0.6202049720953808,0.7628676470588166,0.8695652173913042,,,0.8695652173913038,0.0
1988-09-01,0.8478260869565224,0.8695652173913038,0.8369565217391299,0.804347826086957,0.8507462686567155,0.8435114503816799,0.8435972629521009,0.0686398223073168,0.069211015575467,0.0676349412192346,0.6472085989227846,0.6204398797131624,150.0543478260869,0.8478260869565304,0.8689486552567232,0.4865353812381272,0.6510158920194762,0.8393528967886636,0.8222697327051884,0.7922165932729008,0.6204398797131627,0.631487889273357,0.8478260869565227,,,0.8695652173913038,0.0
1988-10-01,0.8586956521739131,0.8478260869565224,0.8478260869565224,0.8260869565217392,0.8544776119402977,0.8473282442748076,0.8465298142717499,0.0594438298299556,0.0726753858926824,0.0732940960555773,0.7268712288516899,0.600971910889718,150.91304347826082,0.8586956521739211,0.8748166259168695,0.1514445066156895,0.6709769319366501,0.8428410796709391,0.8256619847814166,0.7955898817175786,0.600971910889718,0.6314878892733523,0.8586956521739135,,,0.8695652173913038,0.0
1988-11-01,0.8804347826086962,0.8586956521739131,0.8695652173913038,0.8260869565217392,0.8582089552238799,0.8568702290076331,0.8514173998044967,0.0908019499293947,0.0768472546927684,0.1004184716308057,0.7533984808583835,0.6394380333010473,151.7934782608695,0.8804347826087042,0.8806845965770176,0.5867193159658655,0.7145591734494765,0.8493769270807796,0.8305408270656791,0.7997617115254361,0.6394380333010464,0.7871972318339097,0.8804347826086965,,,0.8804347826086962,0.0
1988-12-01,0.8695652173913038,0.8804347826086962,0.8478260869565224,0.8260869565217392,0.8656716417910433,0.8625954198473273,0.8553274682306959,0.0594438298300523,0.0579986831681033,0.1021188677640846,0.6737760444731489,0.6202049720953798,152.66304347826082,0.8695652173913118,0.8870415647921757,0.0,0.6713721405304653,0.8531151054805335,0.8341893395553779,0.8033045265720888,0.6202049720953808,0.6801470588235231,0.8695652173913042,,,0.8804347826086962,0.0
1989-01-01,0.91304347826087,0.8695652173913038,0.8586956521739131,0.8369565217391299,0.8843283582089541,0.8740458015267167,0.8621700879765406,0.1237421994316916,0.1197337849612615,0.1643539247854209,0.8063728428535074,0.6776995486782726,153.5760869565217,0.913043478260878,0.8933985330073337,0.0222677698507141,0.7827091802224295,0.8634467956069241,0.8410433281398708,0.8085700620644207,0.6776995486782721,0.7794117647058778,0.91304347826087,,,0.91304347826087,0.0
1989-02-01,0.8913043478260869,0.91304347826087,0.8804347826086962,0.8478260869565224,0.888059701492538,0.8778625954198471,0.8660801564027372,0.1188876596567777,0.1265721377741189,0.1803571077186188,0.6475277252264002,0.6199714903205007,154.46739130434779,0.8913043478260949,0.8982885085574566,0.9554092315497656,0.6942416603192108,0.8686046868967248,0.8456517457266459,0.8126982787842794,0.6199714903205018,0.6951871657753953,0.8913043478260871,,,0.91304347826087,0.0
1989-03-01,0.8913043478260869,0.8913043478260869,0.8695652173913038,0.8260869565217392,0.8955223880597014,0.885496183206107,0.8719452590420333,0.068639822307656,0.097020061125585,0.1753402881768061,0.7002633468996896,0.6586710945067091,155.35869565217388,0.8913043478260949,0.902689486552566,0.5710665168439846,0.6864811146288297,0.8729690564496329,0.8499187990477326,0.8166646046523791,0.6586710945067094,0.6722689075630207,0.8913043478260871,,,0.91304347826087,0.0
1989-04-01,0.9021739130434794,0.8913043478260869,0.91304347826087,0.8369565217391299,0.8917910447761184,0.893129770992366,0.8778103616813304,0.0343199111570873,0.0726753858926409,0.180357107718654,0.7267106986438385,0.6584957170489085,156.26086956521735,0.9021739130434874,0.9075794621026888,0.2965245173761559,0.708352866970035,0.8784541385568199,0.8547387084148399,0.8209408019218412,0.6584957170489096,0.6722689075630207,0.9021739130434794,,,0.91304347826087,0.0
1989-05-01,0.8913043478260869,0.9021739130434794,0.8913043478260869,0.8260869565217392,0.8917910447761193,0.8950381679389308,0.8836754643206248,0.0343199111570873,0.0665307497224001,0.1540093833499353,0.6738558255045545,0.6586710945067091,157.15217391304344,0.8913043478260949,0.911980440097798,0.6540744777450982,0.6600825793221823,0.8813032078543275,0.8583326533886533,0.8245838915884676,0.6586710945067094,0.7132352941176401,0.8913043478260871,,,0.91304347826087,0.0
1989-06-01,0.91304347826087,0.8913043478260869,0.8913043478260869,0.8369565217391299,0.8992537313432836,0.9026717557251916,0.8905180840664713,0.0594438298303445,0.0415364853603868,0.146207762441323,0.7531580503879797,0.6776995486782726,158.06521739130432,0.913043478260878,0.9158924205378955,0.4256566938086052,0.7162634706400084,0.8872982668462877,0.8633982483558666,0.8290149421781958,0.6776995486782721,0.7352941176470534,0.91304347826087,,,0.91304347826087,0.0
1989-07-01,0.91304347826087,0.91304347826087,0.9021739130434794,0.8478260869565224,0.9029850746268648,0.9026717557251916,0.8963831867057683,0.0686398223077036,0.0415364853603868,0.1382427665450991,0.7002633468996896,0.6583208718443918,158.9782608695652,0.913043478260878,0.9193154034229812,1.0,0.7004135209495352,0.8923710090702546,0.8680886140662496,0.8332722260781322,0.6583208718443907,0.779411764705874,0.91304347826087,,,0.91304347826087,0.0
1989-08-01,0.91304347826087,0.91304347826087,0.8913043478260869,0.8695652173913038,0.9104477611940308,0.906488549618321,0.9002932551319658,0.0,0.0415364853603849,0.1422677212182006,0.7002633468996896,0.6197394214459271,159.89130434782606,0.913043478260878,0.9227383863080671,0.727691959748654,0.6941006505521834,0.8966633294136104,0.8724315452795661,0.837362557668266,0.6197394214459273,0.758513931888538,0.91304347826087,,,0.91304347826087,0.0
1989-09-01,0.9021739130434794,0.91304347826087,0.91304347826087,0.8478260869565224,0.906716417910447,0.9083969465648858,0.9051808406647116,0.0343199111572787,0.0294936643227532,0.1064913486026584,0.6738955360630479,0.6391461810824477,160.79347826086953,0.9021739130434874,0.9266503667481648,0.4865353812381272,0.653991070885219,0.8985031387571096,0.8755838438146863,0.8408270705057337,0.6391461810824476,0.6888544891640813,0.9021739130434794,,,0.91304347826087,0.0
1989-10-01,0.91304347826087,0.9021739130434794,0.91304347826087,0.8586956521739131,0.906716417910447,0.9103053435114504,0.9100684261974584,0.0343199111572787,0.0309503609217998,0.078189627823406,0.7266708682948227,0.639000918273645,161.7065217391304,0.913043478260878,0.9295843520782404,0.1514445066156895,0.6818498468417502,0.9018520545332568,0.8793715728244154,0.8446211336869416,0.639000918273645,0.6617647058823493,0.91304347826087,,,0.91304347826087,0.0
1989-11-01,0.9239130434782608,0.91304347826087,0.91304347826087,0.8804347826086962,0.9104477611940291,0.9160305343511448,0.913978494623656,0.0594438298304254,0.016197723973909,0.0801934332449038,0.7266311577363314,0.6196239128444556,162.63043478260866,0.9239130434782687,0.932029339853301,0.5867193159658655,0.7023657683121982,0.9064779065216468,0.8837476633847103,0.8487318236689987,0.6196239128444545,0.7871972318338974,0.9239130434782608,,,0.9239130434782608,0.0
1989-12-01,0.91304347826087,0.9239130434782608,0.9021739130434794,0.8695652173913038,0.9141791044776104,0.9160305343511448,0.9178885630498534,0.0343199111573836,0.016197723973909,0.0455730928287001,0.6739351273706098,0.6197394214459271,163.54347826086953,0.913043478260878,0.9330073349633246,0.0,0.674197274676235,0.9085999349494038,0.8869306650188831,0.8522158965300788,0.6197394214459273,0.7093425605536262,0.91304347826087,,,0.9239130434782608,0.0
1990-01-01,0.945652173913043,0.91304347826087,0.91304347826087,0.91304347826087,0.9253731343283578,0.921755725190839,0.9208211143695006,0.0908019499297618,0.0700884077626766,0.0853063747483971,0.7793667794096188,0.60027778537252,164.48913043478257,0.945652173913051,0.9325183374083128,0.0222677698507141,0.771578854260536,0.9157719595370696,0.8924846909636397,0.856959579859689,0.6002777853725211,0.7352941176470501,0.9456521739130436,,,0.945652173913043,0.0
1990-02-01,0.9347826086956524,0.945652173913043,0.9239130434782608,0.8913043478260869,0.92910447761194,0.9255725190839684,0.924731182795699,0.0908019499297828,0.0768472546927215,0.0890706822639563,0.6740139543751885,0.6195087526852225,165.42391304347822,0.9347826086956594,0.9325183374083128,0.9554092315497656,0.7289627984134022,0.9200484417026776,0.8967583735093507,0.8610518227997908,0.6195087526852238,0.7352941176470572,0.934782608695653,,,0.945652173913043,0.0
1990-03-01,0.9347826086956524,0.9347826086956524,0.91304347826087,0.8913043478260869,0.9365671641791052,0.9312977099236646,0.9286412512218982,0.0343199111577134,0.0579986831680537,0.08530637474845,0.7002633468996896,0.6195087526852225,166.35869565217388,0.9347826086956594,0.9325183374083128,0.5710665168439846,0.7332934676314338,0.9236670035351144,0.9007154869776013,0.8649835856245947,0.6195087526852238,0.6092436974789889,0.934782608695653,,,0.945652173913043,0.0
1990-04-01,0.9239130434782608,0.9347826086956524,0.945652173913043,0.9021739130434794,0.9291044776119382,0.9332061068702276,0.9305962854349952,0.0343199111576025,0.0462769312412775,0.0804416499569599,0.6739745999636036,0.5813333333333306,167.28260869565213,0.923913043478268,0.9320293398532992,0.2965245173761559,0.7056320125130888,0.9249367095232186,0.9035105468598816,0.8682957480796851,0.5813333333333306,0.6674208144796321,0.9239130434782608,,,0.945652173913043,0.0
1990-05-01,0.9239130434782608,0.9239130434782608,0.9347826086956524,0.8913043478260869,0.9253731343283578,0.9332061068702276,0.9335288367546442,0.034319911157547,0.0462769312412775,0.0584150140548521,0.7002633468996896,0.6004497463320986,168.20652173913038,0.923913043478268,0.9305623471882624,0.6540744777450982,0.7056220641546069,0.9260110761285372,0.9060985652694012,0.871478021811046,0.6004497463320981,0.6674208144796321,0.9239130434782608,,,0.945652173913043,0.0
1990-06-01,0.9021739130434794,0.9239130434782608,0.9347826086956524,0.91304347826087,0.9141791044776104,0.9312977099236646,0.932551319648094,0.0686398223077749,0.0692110155754088,0.0668030116972087,0.64760690784153,0.5242710412394633,169.10869565217385,0.9021739130434856,0.929095354523227,0.4256566938086052,0.6479976908439049,0.9233358475158928,0.9067570104719404,0.8736046733095808,0.5242710412394628,0.5147058823529371,0.9021739130434794,,,0.945652173913043,0.0
1990-07-01,0.91304347826087,0.9021739130434794,0.9239130434782608,0.91304347826087,0.9104477611940291,0.9255725190839684,0.932551319648094,0.0594438298304269,0.0549633373311341,0.0668030116972087,0.7266708682948227,0.5432727272727268,170.02173913043472,0.9130434782608764,0.9256723716381412,1.0,0.6830084730884813,0.9228643465599208,0.9082356160255768,0.8761133403024024,0.5432727272727267,0.6092436974789909,0.91304347826087,,,0.945652173913043,0.0
1990-08-01,0.91304347826087,0.91304347826087,0.9239130434782608,0.91304347826087,0.906716417910447,0.921755725190839,0.932551319648094,0.0343199111572812,0.046276931241283,0.0668030116972087,0.7002633468996896,0.5432727272727268,170.9347826086956,0.9130434782608764,0.9202933985330066,0.727691959748654,0.7007975373314785,0.9224653842125594,0.9096046952419076,0.8785236281974669,0.5432727272727267,0.5147058823529371,0.91304347826087,,,0.945652173913043,0.0
1990-09-01,0.9021739130434794,0.91304347826087,0.9021739130434794,0.9021739130434794,0.906716417910447,0.9160305343511448,0.9325513196480956,0.0343199111572812,0.0351237166893032,0.0668030116972087,0.6738955360630479,0.5432727272727268,171.83695652173907,0.9021739130434856,0.9158924205378972,0.4865353812381272,0.683418656490538,0.9203356466639114,0.91000342711315,0.8803739814063372,0.5432727272727267,0.4638009049773729,0.9021739130434794,,,0.945652173913043,0.0
1990-10-01,0.9021739130434794,0.9021739130434794,0.91304347826087,0.91304347826087,0.9029850746268648,0.9122137404580152,0.9315738025415454,0.0343199111572287,0.0294936643227635,0.0740805081472568,0.7002633468996896,0.5242710412394633,172.73913043478254,0.9021739130434856,0.9129584352078232,0.1514445066156895,0.6952283915783468,0.918533561045824,0.9103726232902264,0.8821517717442715,0.5242710412394628,0.4638009049773729,0.9021739130434794,,,0.945652173913043,0.0
1990-11-01,0.9021739130434794,0.9021739130434794,0.91304347826087,0.9239130434782608,0.8992537313432845,0.9083969465648858,0.9296187683284468,0.0,0.0078131979996565,0.0801934332450145,0.7002633468996896,0.505326417326419,173.641304347826,0.9021739130434856,0.910024449877751,0.5867193159658655,0.6983770438838448,0.9170087193689822,0.9107144716023328,0.8838598448140518,0.5053264173264189,0.5147058823529371,0.9021739130434794,,,0.945652173913043,0.0
1990-12-01,0.9021739130434794,0.9021739130434794,0.9021739130434794,0.91304347826087,0.8992537313432845,0.9083969465648858,0.9286412512218964,0.0,0.0078131979996565,0.0853063747484535,0.7002633468996896,0.5242710412394633,174.54347826086948,0.9021739130434856,0.907090464547677,0.0,0.7130345637367661,0.915718468719346,0.9110309978172468,0.8855009346261937,0.5242710412394628,0.4545454545454525,0.9021739130434794,,,0.945652173913043,0.0
1991-01-01,0.8804347826086962,0.9021739130434794,0.9021739130434794,0.945652173913043,0.8917910447761193,0.9026717557251916,0.9227761485826004,0.0686398223076286,0.0415364853604045,0.0881396184928433,0.6474483041094232,0.4297746325530763,175.42391304347817,0.8804347826087024,0.9041564792176028,0.0222677698507141,0.6564125588380598,0.9110424101217394,0.909586209506264,0.8861468407905768,0.4297746325530761,0.2941176470588206,0.8804347826086965,,,0.945652173913043,0.0
1991-02-01,0.8804347826086962,0.8804347826086962,0.9021739130434794,0.9347826086956524,0.8843283582089541,0.8969465648854955,0.9178885630498552,0.0686398223075817,0.0451200603202586,0.0915982773180347,0.7002633468996896,0.4485491799554759,176.30434782608685,0.8804347826087024,0.8997555012224936,0.9554092315497656,0.6579949141744983,0.9070857451545348,0.908248442551649,0.8867674173014537,0.4485491799554761,0.3342245989304767,0.8804347826086965,,,0.945652173913043,0.0
1991-03-01,0.8913043478260869,0.8804347826086962,0.9021739130434794,0.9347826086956524,0.8805970149253737,0.8950381679389325,0.913978494623656,0.034319911156941,0.0415364853604164,0.0740805081471556,0.7267506493262246,0.4674938894189258,177.19565217391295,0.8913043478260922,0.8963325183374096,0.5710665168439846,0.7039404438123178,0.9055299518985488,0.9078787035153288,0.8878290710708407,0.4674938894189252,0.1470588235294004,0.8913043478260871,,,0.945652173913043,0.0
1991-04-01,0.9021739130434794,0.8913043478260869,0.8804347826086962,0.9239130434782608,0.888059701492538,0.8950381679389308,0.9120234604105572,0.0594438298302562,0.0415364853604164,0.0607956836684659,0.7267106986438385,0.505326417326419,178.09782608695642,0.9021739130434848,0.8938875305623473,0.2965245173761559,0.746007927154487,0.906005665475134,0.9084052866255776,0.8893145049513436,0.5053264173264189,0.2941176470588206,0.9021739130434794,,,0.945652173913043,0.0
1991-05-01,0.8804347826086962,0.9021739130434794,0.8804347826086962,0.9239130434782608,0.888059701492538,0.8912213740458022,0.9081133919843598,0.0594438298302562,0.0415364853604222,0.0534803582644362,0.6474483041094232,0.4673801073801085,178.9782608695651,0.8804347826087016,0.8909535452322732,0.6540744777450982,0.685541620084777,0.902823884299714,0.9071549954399032,0.8898108593382696,0.4673801073801084,0.213903743315504,0.8804347826086965,,,0.945652173913043,0.0
1991-06-01,0.8804347826086962,0.8804347826086962,0.8913043478260869,0.9021739130434794,0.8843283582089558,0.8874045801526718,0.9061583577712627,0.0686398223075801,0.0309503609218537,0.0607956836684292,0.7002633468996896,0.5052121212121202,179.8586956521738,0.8804347826087016,0.8875305623471892,0.4256566938086052,0.697522892672243,0.900131607920513,0.90599731841613,0.8902877488472765,0.5052121212121201,0.2499999999999993,0.8804347826086965,,,0.945652173913043,0.0
1991-07-01,0.8695652173913038,0.8804347826086962,0.9021739130434794,0.91304347826087,0.8731343283582085,0.885496183206107,0.9022482893450644,0.0343199111568563,0.0451200603202783,0.0676349412196529,0.6737760444731489,0.467265983139666,180.7282608695651,0.8695652173913091,0.8860635696821522,1.0,0.6628235588900644,0.8960613738833842,0.9040564611761646,0.8902805232146411,0.4672659831396656,0.213903743315504,0.8695652173913042,,,0.945652173913043,0.0
1991-08-01,0.8586956521739131,0.8695652173913038,0.8804347826086962,0.91304347826087,0.8656716417910433,0.8816793893129766,0.8973607038123168,0.0594438298301059,0.0726753858926746,0.0794458014880788,0.6737359729112371,0.4482642971064011,181.586956521739,0.8586956521739184,0.8865525672371639,0.727691959748654,0.6322620761434479,0.8908251756741645,0.9013904370693568,0.8898081673478799,0.4482642971064017,0.2499999999999935,0.8586956521739135,,,0.945652173913043,0.0
1991-09-01,0.8804347826086962,0.8586956521739131,0.8804347826086962,0.9021739130434794,0.8656716417910433,0.8797709923664119,0.8954056695992181,0.0594438298301059,0.0665307497224402,0.0743414894290812,0.7533984808583835,0.5052121212121202,182.4673913043477,0.8804347826087016,0.8870415647921774,0.4865353812381272,0.6981831894872634,0.8899788544681249,0.900659764369327,0.890285162425136,0.5052121212121201,0.3342245989304813,0.8804347826086965,,,0.945652173913043,0.0
1991-10-01,0.8695652173913038,0.8804347826086962,0.8695652173913038,0.9021739130434794,0.8656716417910433,0.8740458015267176,0.8924731182795709,0.0594438298301059,0.0294936643228491,0.0719716138009013,0.6737760444731489,0.4861818181818155,183.336956521739,0.8695652173913091,0.8880195599021992,0.1514445066156895,0.6669831127095378,0.8874705825005949,0.8991142815031994,0.8902780382208206,0.4861818181818154,0.2941176470588206,0.8695652173913042,,,0.945652173913043,0.0
1991-11-01,0.8695652173913038,0.8695652173913038,0.8586956521739131,0.9021739130434794,0.8694029850746263,0.8721374045801511,0.8895405669599228,0.034319911156813,0.0248899655639194,0.064553520161057,0.7002633468996896,0.4861818181818155,184.20652173913032,0.8695652173913091,0.8904645476772615,0.5867193159658655,0.6553802763871772,0.88534819852807,0.8976832788493789,0.8902711933970648,0.4861818181818154,0.3342245989304751,0.8695652173913042,,,0.945652173913043,0.0
1991-12-01,0.8586956521739131,0.8695652173913038,0.8804347826086962,0.9021739130434794,0.8619402985074629,0.8683206106870216,0.8856304985337253,0.0343199111567313,0.0248899655639319,0.0599092918240063,0.6737359729112371,0.4671515151515136,185.06521739130423,0.8586956521739184,0.8948655256723708,0.0,0.6176404190419191,0.881760181142746,0.8954893423223336,0.8897992034055013,0.4671515151515134,0.2941176470588206,0.8586956521739135,,,0.945652173913043,0.0
1992-01-01,0.8913043478260869,0.8586956521739131,0.8695652173913038,0.8804347826086962,0.8694029850746254,0.8721374045801511,0.8866080156402738,0.0908019499294791,0.0549633373312062,0.0654024735196482,0.7799660478377246,0.5623605236656569,185.95652173913032,0.8913043478260905,0.9002444987775053,0.0222677698507141,0.6993680278041019,0.8841006285039592,0.8960647218215172,0.8907419636021805,0.5623605236656579,0.4705882352941105,0.8913043478260871,,,0.945652173913043,0.0
1992-02-01,0.8804347826086962,0.8913043478260869,0.8695652173913038,0.8804347826086962,0.8731343283582067,0.8759541984732815,0.8866080156402738,0.0908019499294913,0.0462769312413509,0.0654024735196482,0.6738159951555466,0.5432727272727268,186.836956521739,0.8804347826086998,0.9061124694376534,0.9554092315497656,0.6405807744891518,0.8842888530164119,0.8957285465472538,0.8911823392184841,0.5432727272727267,0.4319852941176427,0.8804347826086965,,,0.945652173913043,0.0
1992-03-01,0.9021739130434794,0.8804347826086962,0.8586956521739131,0.8913043478260869,0.888059701492538,0.879770992366411,0.8875855327468241,0.0594438298302171,0.0768472546927673,0.0764090675717085,0.7532379517527673,0.5623317336258535,187.73913043478248,0.9021739130434828,0.910513447432761,0.5710665168439846,0.6972118249666579,0.8880324279594793,0.8971551412847667,0.8925362723873151,0.5623317336258523,0.5974264705882316,0.9021739130434794,,,0.945652173913043,0.0
1992-04-01,0.91304347826087,0.9021739130434794,0.8913043478260869,0.9021739130434794,0.8955223880597014,0.8874045801526718,0.8885630498533743,0.0908019499295671,0.1056632849554144,0.0915982773178963,0.7266708682948227,0.5623030303030301,188.65217391304336,0.9130434782608736,0.9124694376528116,0.2965245173761559,0.7271132737049548,0.8929922223198785,0.8993449964078248,0.8943025237300297,0.5623030303030286,0.6314878892733504,0.91304347826087,,,0.945652173913043,0.0
1992-05-01,0.9239130434782608,0.91304347826087,0.8804347826086962,0.8804347826086962,0.9104477611940308,0.8969465648854955,0.89247311827957,0.0594438298303308,0.1265721377741064,0.1284874682857259,0.7266311577363314,0.6196239128444556,189.5760869565216,0.9239130434782644,0.9139364303178484,0.6540744777450982,0.7512226167317699,0.89898112541802,0.9022415741100877,0.8964649239064766,0.6196239128444545,0.6314878892733504,0.9239130434782608,,,0.945652173913043,0.0
1992-06-01,0.9347826086956524,0.9239130434782608,0.9021739130434794,0.8804347826086962,0.9216417910447748,0.9103053435114504,0.8973607038123168,0.0594438298303941,0.1056632849553668,0.167884697642536,0.7265915664287733,0.6387117092373885,190.51086956521726,0.9347826086956568,0.9163814180929092,0.4256566938086052,0.7792385110239408,0.9058408128327108,0.9057925245708772,0.8990079376682729,0.6387117092373884,0.6314878892733504,0.934782608695653,,,0.945652173913043,0.0
1992-07-01,0.9347826086956524,0.9347826086956524,0.91304347826087,0.8695652173913038,0.9291044776119382,0.9179389312977096,0.9032258064516148,0.0343199111573385,0.1107176152320131,0.1895401410229068,0.7002633468996896,0.6579727685325272,191.44565217391292,0.9347826086956568,0.9173594132029343,1.0,0.7700635990012081,0.9116451637220644,0.9090804416642008,0.9014512254001944,0.6579727685325276,0.7352941176470534,0.934782608695653,,,0.945652173913043,0.0
1992-08-01,0.9239130434782608,0.9347826086956524,0.9239130434782608,0.8586956521739131,0.9291044776119416,0.9255725190839684,0.9090909090909084,0.0343199111573385,0.0549633373310427,0.1814568328532259,0.6739745999636036,0.6581465564738281,192.36956521739117,0.9239130434782644,0.9168704156479208,0.727691959748654,0.7423313447067521,0.9147643835275616,0.9112558752734,0.9033332843346732,0.6581465564738276,0.6801470588235201,0.9239130434782608,,,0.945652173913043,0.0
1992-09-01,0.91304347826087,0.9239130434782608,0.9347826086956524,0.8804347826086962,0.9216417910447748,0.9274809160305352,0.9120234604105572,0.0594438298303881,0.0351237166891705,0.178558492663002,0.6739351273706098,0.6005361164515227,193.28260869565204,0.9130434782608736,0.9158924205378972,0.4865353812381272,0.7155778827092796,0.915611569339025,0.912401231582484,0.9046761234441574,0.6005361164515232,0.6801470588235274,0.91304347826087,,,0.945652173913043,0.0
1992-10-01,0.8804347826086962,0.91304347826087,0.9347826086956524,0.8695652173913038,0.9029850746268648,0.921755725190839,0.9130009775171056,0.1237421994317157,0.1056632849553426,0.1702062970705747,0.6211599143897584,0.5623894008160296,194.16304347826073,0.8804347826086998,0.9129584352078232,0.1514445066156895,0.6308743676496356,0.9109519567999288,0.9108549444740754,0.9045700614195996,0.5623894008160282,0.5882352941176437,0.8804347826086965,,,0.945652173913043,0.0
1992-11-01,0.8913043478260869,0.8804347826086962,0.9239130434782608,0.8695652173913038,0.8917910447761193,0.9160305343511448,0.9149560117302062,0.0908019499295321,0.1220475268033149,0.1552541900555235,0.7267506493262246,0.5815060743593269,195.05434782608683,0.8913043478260896,0.910024449877751,0.5867193159658655,0.666195289973242,0.908801361752344,0.9102921312212802,0.904933572282392,0.581506074359327,0.5536332179930734,0.8913043478260871,,,0.945652173913043,0.0
1992-12-01,0.8913043478260869,0.8913043478260869,0.91304347826087,0.8586956521739131,0.8843283582089558,0.9083969465648858,0.9178885630498552,0.0343199111568575,0.1125666350415426,0.1211681495268824,0.7002633468996896,0.600709641873276,195.94565217391292,0.8913043478260896,0.9080684596577004,0.0,0.6781494419807146,0.9069816274813096,0.9097710078390612,0.9052828278172322,0.6007096418732771,0.5974264705882331,0.8913043478260871,,,0.945652173913043,0.0
1993-01-01,0.8804347826086962,0.8913043478260869,0.8804347826086962,0.8913043478260869,0.8843283582089541,0.898854961832062,0.9169110459433032,0.0343199111568575,0.0892160446715319,0.1293807256908344,0.6738159951555466,0.5242137209196043,196.8260869565216,0.8804347826086989,0.90562347188264,0.0222677698507141,0.652393956970414,0.9036496983049398,0.908419552119054,0.9051529734643182,0.5242137209196037,0.5536332179930793,0.8804347826086965,,,0.945652173913043,0.0
1993-02-01,0.8804347826086962,0.8804347826086962,0.8913043478260869,0.8804347826086962,0.8805970149253719,0.8912213740458013,0.916911045943305,0.0343199111568197,0.0549633373311666,0.1293807256908344,0.7002633468996896,0.5432727272727268,197.7065217391303,0.8804347826086989,0.9031784841075794,0.9554092315497656,0.6486145348537846,0.9008303736172428,0.9071682042301584,0.9050282114389708,0.5432727272727267,0.5974264705882331,0.8804347826086965,,,0.945652173913043,0.0
1993-03-01,0.8804347826086962,0.8804347826086962,0.8913043478260869,0.9021739130434794,0.8768656716417924,0.885496183206107,0.9149560117302062,0.0,0.0078131979997432,0.1397624259260406,0.7002633468996896,0.5052121212121202,198.58695652173898,0.8804347826086989,0.9007334963325188,0.5710665168439846,0.6596297281414643,0.8984447911891911,0.9060095487774786,0.9049083420420684,0.5052121212121201,0.463800904977374,0.8804347826086965,,,0.945652173913043,0.0
1993-04-01,0.8695652173913038,0.8804347826086962,0.8804347826086962,0.91304347826087,0.8731343283582103,0.8835877862595423,0.911045943304007,0.0343199111567551,0.0248899655639002,0.1552541900555046,0.6737760444731489,0.467265983139666,199.4565217391303,0.8695652173913064,0.8997555012224936,0.2965245173761559,0.633166337971403,0.894634067418421,0.9040677855848216,0.9043277598135582,0.4672659831396656,0.4638009049773672,0.8695652173913042,,,0.945652173913043,0.0
1993-05-01,0.9021739130434794,0.8695652173913038,0.8804347826086962,0.9239130434782608,0.8805970149253737,0.885496183206107,0.90909090909091,0.0908019499294934,0.0451200603202894,0.1457197195855763,0.7798454688650569,0.505326417326419,200.35869565217376,0.902173913043482,0.9002444987775053,0.6540744777450982,0.7244802237024857,0.8967860709150255,0.9048766589121442,0.9051661862923864,0.5053264173264189,0.5147058823529371,0.9021739130434794,,,0.945652173913043,0.0
1993-06-01,0.91304347826087,0.9021739130434794,0.8804347826086962,0.9347826086956524,0.8917910447761193,0.8893129770992365,0.9071358748778112,0.1237421994316873,0.0792735954485033,0.1257795889767719,0.7266708682948227,0.5053833083458256,201.27173913043464,0.9130434782608728,0.9007334963325188,0.4256566938086052,0.7579317316999763,0.9003991509745708,0.9064945497665056,0.906437146893726,0.5053833083458259,0.5147058823529371,0.91304347826087,,,0.945652173913043,0.0
1993-07-01,0.9021739130434794,0.91304347826087,0.8695652173913038,0.9347826086956524,0.9029850746268648,0.893129770992366,0.9042033235581632,0.0343199111570581,0.082426922640766,0.0951931827176014,0.6738955360630479,0.4864385988823771,202.1739130434781,0.902173913043482,0.9031784841075794,1.0,0.712520205437638,0.9016642185394604,0.9071236627840732,0.9071928523105868,0.4864385988823769,0.420168067226893,0.9021739130434794,,,0.945652173913043,0.0
1993-08-01,0.9021739130434794,0.9021739130434794,0.9021739130434794,0.9239130434782608,0.9029850746268666,0.8969465648854955,0.9022482893450644,0.0343199111570581,0.0792735954484803,0.0740805081470727,0.7002633468996896,0.505326417326419,203.07608695652158,0.902173913043482,0.907090464547677,0.727691959748654,0.7048419073560623,0.9027346603251348,0.9077061748373768,0.9079189222209036,0.5053264173264189,0.3619909502262423,0.9021739130434794,,,0.945652173913043,0.0
1993-09-01,0.8804347826086962,0.9021739130434794,0.91304347826087,0.91304347826087,0.8917910447761193,0.8969465648854955,0.8993157380254173,0.0686398223075579,0.0792735954484803,0.0634111969412396,0.6474483041094232,0.4862676691729322,203.95652173913027,0.8804347826086989,0.9105134474327627,0.4865353812381272,0.6338000650363504,0.9000561107112528,0.9065076697100878,0.907685691616866,0.4862676691729323,0.2941176470588206,0.8804347826086965,,,0.945652173913043,0.0
1993-10-01,0.8913043478260869,0.8804347826086962,0.9021739130434794,0.8804347826086962,0.888059701492538,0.900763358778625,0.9002932551319658,0.0594438298301798,0.0451200603202196,0.0607956836683667,0.7267506493262246,0.5623605236656569,204.84782608695636,0.8913043478260878,0.9139364303178468,0.1514445066156895,0.6603743362042316,0.8995817996773106,0.9062668768101788,0.907927020903295,0.5623605236656579,0.3823529411764672,0.8913043478260871,,,0.945652173913043,0.0
1993-11-01,0.8913043478260869,0.8913043478260869,0.9021739130434794,0.8913043478260869,0.8843283582089558,0.898854961832062,0.9002932551319658,0.0343199111568587,0.0462769312412809,0.0607956836683667,0.7002633468996896,0.5432727272727268,205.73913043478245,0.8913043478260878,0.9168704156479208,0.5867193159658655,0.6474602774420006,0.8991804595716673,0.906043920421375,0.908158886296138,0.5432727272727267,0.4201680672268854,0.8913043478260871,,,0.945652173913043,0.0
1993-12-01,0.9021739130434794,0.8913043478260869,0.8804347826086962,0.8913043478260869,0.8917910447761193,0.8969465648854955,0.9012707722385144,0.0343199111569319,0.0294936643227614,0.0645535201611013,0.7267106986438385,0.5623317336258535,206.64130434782592,0.9021739130434804,0.9173594132029326,0.0,0.6848721188044209,0.900633018121618,0.9067064133904346,0.9088470725207464,0.5623317336258523,0.6249999999999967,0.9021739130434794,,,0.945652173913043,0.0
1994-01-01,0.9239130434782608,0.9021739130434794,0.8913043478260869,0.8804347826086962,0.9029850746268648,0.900763358778625,0.9051808406647116,0.0908019499295648,0.0692110155754052,0.0853063747483245,0.7530783896899521,0.6196239128444556,207.56521739130417,0.9239130434782616,0.9168704156479208,0.0222677698507141,0.7502871372704796,0.9054464141733378,0.9090577009458388,0.9104390982348116,0.6196239128444545,0.6674208144796321,0.9239130434782608,,,0.945652173913043,0.0
1994-02-01,0.9239130434782608,0.9239130434782608,0.8913043478260869,0.8804347826086962,0.9141791044776104,0.9045801526717544,0.9090909090909084,0.0686398223076475,0.0913943861644129,0.0962977732178705,0.7002633468996896,0.6196239128444556,208.48913043478242,0.9239130434782616,0.917848410757946,0.9554092315497656,0.7370790829837048,0.9095192877555612,0.9112348190526935,0.9119686915679336,0.6196239128444545,0.6674208144796321,0.9239130434782608,,,0.945652173913043,0.0
1994-03-01,0.91304347826087,0.9239130434782608,0.9021739130434794,0.8804347826086962,0.9179104477611926,0.9103053435114488,0.9120234604105572,0.0343199111571666,0.0700884077626453,0.091598277318015,0.6739351273706098,0.6005361164515227,209.4021739130433,0.913043478260871,0.9207823960880184,0.5710665168439846,0.7012202037365789,0.9111734113781004,0.9123817350818308,0.9129728872565064,0.6005361164515232,0.6674208144796321,0.91304347826087,,,0.945652173913043,0.0
1994-04-01,0.91304347826087,0.91304347826087,0.9239130434782608,0.8695652173913038,0.9141791044776104,0.91412213740458,0.9159335288367548,0.0343199111571312,0.0549633373310841,0.0654024735198407,0.7002633468996896,0.6197394214459271,210.31521739130417,0.913043478260871,0.924694376528116,0.2965245173761559,0.6935960105056189,0.9125730544433264,0.913443694368067,0.9139377027219976,0.6197394214459273,0.6674208144796321,0.91304347826087,,,0.945652173913043,0.0
1994-05-01,0.9239130434782608,0.91304347826087,0.9239130434782608,0.9021739130434794,0.9141791044776104,0.9198473282442744,0.9178885630498534,0.0343199111571312,0.0294936643226542,0.0740805081472028,0.7266311577363314,0.5813333333333306,211.23913043478242,0.9239130434782616,0.9286063569682136,0.6540744777450982,0.7109767559424114,0.915549521830166,0.915295924073276,0.9153300958791516,0.5813333333333306,0.7037815126050342,0.9239130434782608,,,0.945652173913043,0.0
1994-06-01,0.9021739130434794,0.9239130434782608,0.91304347826087,0.91304347826087,0.9104477611940291,0.9198473282442724,0.9169110459433032,0.0594438298302896,0.0294936643226542,0.073294096056062,0.64760690784153,0.5242710412394633,212.1413043478259,0.9021739130434804,0.932029339853301,0.4256566938086052,0.6399908156350413,0.9144837631095796,0.9152730834384916,0.9157370581985456,0.5242710412394628,0.6470588235294146,0.9021739130434794,,,0.945652173913043,0.0
1994-07-01,0.9021739130434794,0.9021739130434794,0.91304347826087,0.9021739130434794,0.906716417910447,0.9160305343511448,0.916911045943305,0.0686398223076122,0.0351237166892222,0.073294096056062,0.7002633468996896,0.5432727272727268,213.04347826086936,0.9021739130434804,0.9344743276283616,1.0,0.6268818464561434,0.9135819672690824,0.9152519347025798,0.9161280612112952,0.5432727272727267,0.5147058823529371,0.9021739130434794,,,0.945652173913043,0.0
1994-08-01,0.9239130434782608,0.9021739130434794,0.9239130434782608,0.9021739130434794,0.906716417910447,0.9160305343511448,0.9188660801564036,0.0686398223076122,0.0351237166892222,0.0804416499569226,0.7530783896899521,0.5813333333333306,213.96739130434761,0.9239130434782616,0.9364303178484104,0.727691959748654,0.6887461622806725,0.9164032172981136,0.916970220679306,0.9174345579571046,0.5813333333333306,0.5656108597285012,0.9239130434782608,,,0.945652173913043,0.0
1994-09-01,0.9239130434782608,0.9239130434782608,0.9021739130434794,0.8804347826086962,0.9141791044776104,0.9179389312977096,0.9227761485826004,0.0686398223076499,0.0415364853603057,0.0634111969414506,0.7002633468996896,0.6196239128444556,214.89130434782587,0.9239130434782616,0.9383863080684608,0.4865353812381272,0.6861140132038877,0.9187904288611408,0.9185612262133124,0.91868981953641,0.6196239128444545,0.6249999999999928,0.9239130434782608,,,0.945652173913043,0.0
1994-10-01,0.9347826086956524,0.9239130434782608,0.9021739130434794,0.8913043478260869,0.9253731343283578,0.921755725190839,0.9266862170087976,0.0343199111572532,0.0589873286444894,0.0634111969414862,0.7265915664287733,0.6195087526852225,215.82608695652152,0.934782608695654,0.9413202933985332,0.1514445066156895,0.7139302487260615,0.922602531130738,0.9209033135553444,0.9203612687637,0.6195087526852238,0.6674208144796353,0.934782608695653,,,0.945652173913043,0.0
1994-11-01,0.9347826086956524,0.9347826086956524,0.9239130434782608,0.8913043478260869,0.92910447761194,0.9236641221374038,0.9305962854349952,0.0343199111572897,0.0692110155753459,0.0537960296113772,0.7002633468996896,0.6195087526852225,216.76086956521718,0.934782608695654,0.9427872860635702,0.5867193159658655,0.7050197988637024,0.9258281561280874,0.9230719129461143,0.9219671709624676,0.6195087526852238,0.8155080213903779,0.934782608695653,,,0.945652173913043,0.0
1994-12-01,0.9347826086956524,0.9347826086956524,0.9239130434782608,0.9021739130434794,0.932835820895523,0.9293893129770998,0.9335288367546442,0.0,0.0549633373310439,0.0509174124991937,0.7002633468996896,0.6003636363636367,217.69565217391283,0.934782608695654,0.9427872860635684,0.0,0.7116253820188199,0.928557531125846,0.9250798753449754,0.9235100966044216,0.6003636363636352,0.7794117647058881,0.934782608695653,,,0.945652173913043,0.0
1995-01-01,0.945652173913043,0.9347826086956524,0.9347826086956524,0.9239130434782608,0.9365671641791052,0.9370229007633588,0.9354838709677412,0.0343199111573544,0.0248899655636416,0.0676349412199212,0.7265520938357736,0.5812190372190373,218.64130434782587,0.9456521739130448,0.9442542787286056,0.0222677698507141,0.7394160246500192,0.932659156301753,0.9278080338581692,0.925457928950726,0.5812190372190372,0.8155080213903779,0.9456521739130436,,,0.945652173913043,0.0
1995-02-01,0.945652173913043,0.945652173913043,0.9347826086956524,0.9239130434782608,0.9402985074626856,0.9408396946564864,0.9374389051808408,0.0343199111573922,0.0248899655636268,0.080193433245127,0.7002633468996896,0.5812190372190373,219.5869565217389,0.9456521739130448,0.9452322738386308,0.9554092315497656,0.7262240662328345,0.936129762219827,0.9303341065555708,0.9273293757148204,0.5812190372190372,0.7794117647058825,0.9456521739130436,,,0.945652173913043,0.0
1995-03-01,0.9347826086956524,0.945652173913043,0.9347826086956524,0.91304347826087,0.9402985074626872,0.9427480916030532,0.9393939393939394,0.0343199111573922,0.007813197999352,0.078189627823676,0.6740139543751885,0.5812760993392565,220.52173913043455,0.934782608695654,0.9452322738386308,0.5710665168439846,0.6985169630363828,0.9372742747419336,0.9318041286870652,0.9286620188174668,0.5812760993392572,0.588235294117652,0.934782608695653,,,0.945652173913043,0.0
1995-04-01,0.9565217391304356,0.9347826086956524,0.945652173913043,0.91304347826087,0.9440298507462694,0.9465648854961826,0.9433040078201388,0.0594438298304878,0.0294936643225699,0.0915982773182381,0.7528408407718576,0.619279471405789,221.478260869565,0.9565217391304373,0.944743276283619,0.2965245173761559,0.7670298393900126,0.9418270164623984,0.934903128429908,0.930873228590822,0.6192794714057878,0.6951871657754085,0.956521739130436,,,0.9565217391304356,0.0
1995-05-01,0.91304347826087,0.9565217391304356,0.945652173913043,0.9239130434782608,0.932835820895522,0.9427480916030532,0.9423264907135868,0.1188876596568652,0.0692110155753097,0.0971752465944527,0.59542272384218,0.5242995722995729,222.39130434782587,0.913043478260871,0.9432762836185802,0.6540744777450982,0.6388380080875713,0.9385107202838868,0.9342968363570288,0.9311360698863408,0.5242995722995728,0.5147058823529371,0.91304347826087,,,0.9565217391304356,0.0
1995-06-01,0.91304347826087,0.91304347826087,0.9347826086956524,0.9021739130434794,0.9253731343283578,0.9389312977099236,0.9433040078201388,0.137279644612031,0.0913943861643499,0.0860204500646832,0.7002633468996896,0.5623030303030301,223.30434782608674,0.913043478260871,0.9408312958435197,0.4256566938086052,0.6480639382074997,0.9357046235174532,0.9337354548080664,0.9313886036800748,0.5623030303030286,0.5147058823529371,0.91304347826087,,,0.9565217391304356,0.0
1995-07-01,0.9239130434782608,0.91304347826087,0.9565217391304356,0.9021739130434794,0.9141791044776104,0.935114503816794,0.9452590420332356,0.0343199111571526,0.0884809929662671,0.0654024735201014,0.7266311577363314,0.5813333333333306,224.228260869565,0.9239130434782616,0.937408312958434,1.0,0.6830124903848223,0.9351223879698134,0.93408459114735,0.9320966477800487,0.5813333333333306,0.5147058823529371,0.9239130434782608,,,0.9565217391304356,0.0
1995-08-01,0.9239130434782608,0.9239130434782608,0.91304347826087,0.9239130434782608,0.9179104477611926,0.9312977099236646,0.9452590420332356,0.0343199111571879,0.0792735954483987,0.0654024735201014,0.7002633468996896,0.5432727272727268,225.15217391304324,0.9239130434782616,0.9344743276283616,0.727691959748654,0.6940926087675408,0.9346297271218108,0.934407865535575,0.9327769254447302,0.5432727272727267,0.6249999999999901,0.9239130434782608,,,0.9565217391304356,0.0
1995-09-01,0.9239130434782608,0.9239130434782608,0.91304347826087,0.9239130434782608,0.9216417910447764,0.9293893129770998,0.9452590420332356,0.0,0.0768472546926518,0.0654024735201014,0.7002633468996896,0.5432727272727268,226.0760869565215,0.9239130434782616,0.9330073349633246,0.4865353812381272,0.7008176895652589,0.9342128602504224,0.9347071936728196,0.9334305255539324,0.5432727272727267,0.6249999999999901,0.9239130434782608,,,0.9565217391304356,0.0
1995-10-01,0.9239130434782608,0.9239130434782608,0.9239130434782608,0.9347826086956524,0.9216417910447764,0.9236641221374038,0.9442815249266872,0.0,0.0078131979994475,0.0668030116973765,0.7002633468996896,0.5243280178092755,226.99999999999974,0.9239130434782616,0.9315403422982876,0.1514445066156895,0.7086035862348652,0.9338601267438644,0.934984349355454,0.9340584942863036,0.524328017809275,0.5147058823529371,0.9239130434782608,,,0.9565217391304356,0.0
1995-11-01,0.91304347826087,0.9239130434782608,0.9239130434782608,0.9347826086956524,0.9179104477611926,0.9236641221374038,0.9423264907135868,0.0343199111571879,0.0078131979994475,0.0743414894294303,0.6739351273706098,0.5053833083458256,227.91304347826062,0.913043478260871,0.9315403422982876,0.5867193159658655,0.6716106245489151,0.9317695059066652,0.9343720409177196,0.934196423201608,0.5053833083458259,0.4545454545454539,0.91304347826087,,,0.9565217391304356,0.0
1995-12-01,0.9021739130434794,0.91304347826087,0.9239130434782608,0.9347826086956524,0.9104477611940291,0.921755725190839,0.9393939393939394,0.0594438298303019,0.0309503609216931,0.0897647441989231,0.6738955360630479,0.4864385988823771,228.8152173913041,0.9021739130434804,0.933496332518338,0.0,0.6407664153896313,0.9282083650204632,0.9329361545907532,0.9338635295475708,0.4864385988823769,0.3342245989304767,0.9021739130434794,,,0.9565217391304356,0.0
1996-01-01,0.9021739130434794,0.9021739130434794,0.9239130434782608,0.945652173913043,0.9029850746268648,0.9179389312977096,0.9354838709677428,0.0343199111570465,0.0415364853603037,0.0915982773181871,0.7002633468996896,0.4676073307929612,229.71739130434756,0.9021739130434804,0.9359413202933968,0.0222677698507141,0.6338497541994137,0.9251950919629072,0.931606630213932,0.9335436905466326,0.4676073307929605,0.3342245989304767,0.9021739130434794,,,0.9565217391304356,0.0
1996-02-01,0.9239130434782608,0.9021739130434794,0.91304347826087,0.945652173913043,0.906716417910447,0.9179389312977096,0.9335288367546442,0.0686398223076253,0.0415364853603037,0.0781896278236379,0.7530783896899521,0.5054400290328419,230.6413043478258,0.9239130434782616,0.9378973105134474,0.9554092315497656,0.6821780476384056,0.9262297074236584,0.9321134572638918,0.9341672214361534,0.5054400290328422,0.4638009049773662,0.9239130434782608,,,0.9565217391304356,0.0
1996-03-01,0.9239130434782608,0.9239130434782608,0.9021739130434794,0.9347826086956524,0.9141791044776104,0.9179389312977096,0.932551319648094,0.0686398223076631,0.0415364853603037,0.0732940960562004,0.7002633468996896,0.5243280178092755,231.56521739130406,0.9239130434782616,0.9398533007334962,0.5710665168439846,0.6811570421185955,0.9271051512750628,0.9325827415694103,0.9347663001339273,0.524328017809275,0.4044117647058749,0.9239130434782608,,,0.9565217391304356,0.0
1996-04-01,0.9347826086956524,0.9239130434782608,0.9021739130434794,0.9565217391304356,0.9253731343283578,0.9198473282442744,0.9305962854349952,0.0343199111572794,0.0579986831679873,0.0372813048370412,0.7265915664287733,0.5054965801512876,232.49999999999972,0.934782608695654,0.943276283618582,0.2965245173761559,0.7069501194962733,0.9296380654809786,0.9338861981443244,0.9358072991417056,0.5054965801512875,0.463800904977374,0.934782608695653,,,0.9565217391304356,0.0
1996-05-01,0.9347826086956524,0.9347826086956524,0.9239130434782608,0.91304347826087,0.92910447761194,0.9236641221374038,0.932551319648094,0.034319911157316,0.0692110155753405,0.0445353411306035,0.7002633468996896,0.5812760993392565,233.43478260869537,0.934782608695654,0.947677261613693,0.6540744777450982,0.6909084777442231,0.931781300578292,0.935093102380355,0.9368074746589832,0.5812760993392572,0.5147058823529371,0.934782608695653,,,0.9565217391304356,0.0
1996-06-01,0.9347826086956524,0.9347826086956524,0.9239130434782608,0.91304347826087,0.932835820895523,0.9293893129770998,0.9345063538611926,0.0,0.0549633373310328,0.0486170080997403,0.7002633468996896,0.5812760993392565,234.36956521739103,0.934782608695654,0.9530562347188276,0.4256566938086052,0.6788067495816001,0.9335948071990964,0.9362106063026054,0.9377684276069562,0.5812760993392572,0.3823529411764637,0.934782608695653,,,0.9565217391304356,0.0
1996-07-01,0.9565217391304356,0.9347826086956524,0.9347826086956524,0.9239130434782608,0.9402985074626872,0.9389312977099236,0.9374389051808408,0.0686398223077935,0.0496461416739515,0.0801934332451296,0.7528408407718576,0.600192192192194,235.32608695652146,0.9565217391304373,0.958924205378974,1.0,0.7203228667703776,0.9387136208492296,0.9389832002961488,0.9396225233101348,0.6001921921921938,0.8455882352941234,0.956521739130436,,,0.9565217391304356,0.0
1996-08-01,0.9347826086956524,0.9565217391304356,0.9347826086956524,0.9239130434782608,0.9402985074626872,0.94083969465649,0.9384164222873892,0.0686398223077935,0.0415364853602223,0.0824099126356465,0.6478430353709348,0.5622458822458835,236.26086956521712,0.934782608695654,0.9633251833740816,0.727691959748654,0.647463621899977,0.9394606166591196,0.9398125488172298,0.9404730821933552,0.5622458822458832,0.6470588235294108,0.934782608695653,,,0.9565217391304356,0.0
1996-09-01,0.9565217391304356,0.9347826086956524,0.9347826086956524,0.9239130434782608,0.9477611940298508,0.9465648854961826,0.9413489736070382,0.0686398223078258,0.0451200603200582,0.1021188677645994,0.7528408407718576,0.600192192192194,237.21739130434756,0.9565217391304373,0.9672371638141808,0.4865353812381272,0.7034392628297503,0.9436769980846336,0.9423183322541356,0.9422211130107928,0.6001921921921938,0.6951871657754038,0.956521739130436,,,0.9565217391304356,0.0
1996-10-01,0.9673913043478262,0.9565217391304356,0.9565217391304356,0.9239130434782608,0.9514925373134328,0.9522900763358786,0.9452590420332374,0.0908019499297494,0.0665307497222463,0.128487468285993,0.7264735026640641,0.6191653471653479,238.18478260869537,0.967391304347828,0.97163814180929,0.1514445066156895,0.7271649176535746,0.9490368594686416,0.9455074361729264,0.9443660071923654,0.6191653471653477,0.7352941176470588,0.9673913043478266,,,0.9673913043478262,0.0
1996-11-01,0.9673913043478262,0.9673913043478262,0.9347826086956524,0.91304347826087,0.9626865671641784,0.9580152671755728,0.9501466275659852,0.0343199111576141,0.0692110155752606,0.1397624259262362,0.7002633468996896,0.6382811574390524,239.15217391304319,0.967391304347828,0.9755501222493876,0.5867193159658655,0.711607142416316,0.9535721267935716,0.9484603101718064,0.9464267878766206,0.6382811574390517,0.7352941176470588,0.9673913043478266,,,0.9673913043478262,0.0
1996-12-01,0.9673913043478262,0.9673913043478262,0.9565217391304356,0.9021739130434794,0.9664179104477616,0.9637404580152672,0.9560117302052786,0.0,0.0549633373309434,0.1293807256910679,0.7002633468996896,0.6574545454545436,240.119565217391,0.967391304347828,0.979462102689487,0.0,0.7075684086772114,0.9574096606838962,0.951194452763362,0.9484067536320824,0.6574545454545438,0.7352941176470588,0.9673913043478266,,,0.9673913043478262,0.0
1997-01-01,0.9673913043478262,0.9673913043478262,0.9673913043478262,0.9021739130434794,0.9664179104477616,0.9656488549618318,0.9618768328445748,0.0,0.0579986831678658,0.1040085489599371,0.7002633468996896,0.6574545454545436,241.0869565217388,0.967391304347828,0.982885085574571,0.0222677698507141,0.6980109209805754,0.9606568047449402,0.9537260662740614,0.9503090736716427,0.6574545454545438,0.8155080213903703,0.9673913043478266,,,0.9673913043478262,0.0
1997-02-01,0.9565217391304356,0.9673913043478262,0.9673913043478262,0.9239130434782608,0.9626865671641784,0.9694656488549604,0.9648093841642238,0.0343199111576141,0.0078131979991539,0.0915982773184114,0.6740923107707826,0.600192192192194,242.04347826086925,0.9565217391304373,0.9867970660146684,0.9554092315497656,0.6450312179182482,0.9616122341572506,0.9552012187882396,0.9516713793330692,0.6001921921921938,0.8155080213903703,0.956521739130436,,,0.9673913043478262,0.0
1997-03-01,0.9782608695652169,0.9565217391304356,0.9673913043478262,0.9239130434782608,0.9664179104477606,0.9732824427480908,0.9696969696969688,0.0594438298306092,0.016197723973498,0.0881396184932479,0.7526836584284424,0.6381385021385017,243.02173913043447,0.9782608695652186,0.9902200488997543,0.5710665168439846,0.7037801918686917,0.96600498247712,0.958304968885419,0.9539110884276064,0.6381385021385017,0.8710407239818936,0.9782608695652172,,,0.9782608695652169,0.0
1997-04-01,0.9782608695652169,0.9782608695652169,0.9673913043478262,0.9347826086956524,0.970149253731342,0.9751908396946556,0.973607038123168,0.0686398223079267,0.0248899655634479,0.0881396184932845,0.7002633468996896,0.6190515651265264,243.9999999999997,0.9782608695652186,0.9916870415647914,0.2965245173761559,0.7028863953563835,0.9697219233631628,0.9611788115679928,0.9560629657929454,0.6190515651265255,0.8155080213903703,0.9782608695652172,,,0.9782608695652169,0.0
1997-05-01,0.9782608695652169,0.9782608695652169,0.9565217391304356,0.9347826086956524,0.977611940298508,0.9770992366412204,0.9775171065493656,0.0,0.0294936643224102,0.0804416499574269,0.7002633468996896,0.6190515651265264,244.9782608695649,0.9782608695652186,0.9931540342298284,0.6540744777450982,0.6948808718340977,0.9728670271898148,0.9638397770148188,0.9581304558106244,0.6190515651265255,0.8155080213903703,0.9782608695652172,,,0.9782608695652169,0.0
1997-06-01,0.9782608695652169,0.9782608695652169,0.9782608695652169,0.9347826086956524,0.977611940298508,0.979007633587786,0.981427174975563,0.0,0.030950360921455,0.0634111969420475,0.7002633468996896,0.6190515651265264,245.95652173913012,0.9782608695652186,0.9951100244498772,0.4256566938086052,0.6921432777564753,0.9755282688892892,0.9663036339100302,0.9601168677883952,0.6190515651265255,0.779411764705875,0.9782608695652172,,,0.9782608695652169,0.0
1997-07-01,0.9891304347826092,0.9782608695652169,0.9782608695652169,0.9565217391304356,0.9813432835820892,0.9828244274809156,0.9843597262952092,0.0343199111578067,0.0415364853600753,0.0740805081478178,0.7263953799941295,0.599936947954885,246.94565217391272,0.9891304347826112,0.9965770171149142,1.0,0.7135278629245541,0.9795722428128038,0.9694539169568808,0.9624907948495016,0.5999369479548841,0.8155080213903703,0.9891304347826096,,,0.9891304347826092,0.0
1997-08-01,0.9891304347826092,0.9891304347826092,0.9782608695652169,0.9347826086956524,0.9850746268656714,0.9885496183206106,0.989247311827957,0.0343199111578433,0.0078131979990029,0.0459163642973357,0.7002633468996896,0.6379962745899763,247.93478260869531,0.9891304347826112,0.9980440097799494,0.727691959748654,0.7126110267667514,0.98299406690193,0.9723708457039651,0.964771626731742,0.6379962745899772,0.8155080213903703,0.9891304347826096,,,0.9891304347826092,0.0
1997-09-01,0.9782608695652169,0.9891304347826092,0.9782608695652169,0.9565217391304356,0.9850746268656714,0.9885496183206096,0.9912023460410576,0.0343199111578433,0.0078131979990029,0.0357518868780751,0.6741702007592588,0.5810488743941646,248.91304347826053,0.9782608695652186,0.9990220048899748,0.4865353812381272,0.6808518264931855,0.9840973024918488,0.9742027715851638,0.966497600634174,0.5810488743941632,0.6470588235293995,0.9782608695652172,,,0.9891304347826092,0.0
1997-10-01,0.9782608695652169,0.9782608695652169,0.9891304347826092,0.9673913043478262,0.9813432835820874,0.9885496183206096,0.9921798631476042,0.0343199111578067,0.0078131979990029,0.0337981335852087,0.7002633468996896,0.562132609678876,249.89130434782575,0.9782608695652186,0.998533007334963,0.1514445066156895,0.6859453705610008,0.985030809529472,0.9758989992529415,0.9681558892855292,0.5621326096788767,0.845588235294106,0.9782608695652172,,,0.9891304347826092,0.0
1997-11-01,0.9891304347826092,0.9782608695652169,0.9891304347826092,0.9673913043478262,0.9813432835820892,0.9904580152671744,0.9941348973607028,0.0343199111578067,0.0100762386759663,0.0369016431792693,0.7263953799941295,0.5809924920850308,250.88043478260835,0.9891304347826112,0.9975550122249376,0.5867193159658655,0.7155257294365533,0.987612854123726,0.978338514496614,0.9702145606016508,0.5809924920850293,0.7983193277310829,0.9891304347826096,,,0.9891304347826092,0.0
1997-12-01,0.9891304347826092,0.9891304347826092,0.9782608695652169,0.9673913043478262,0.9850746268656714,0.992366412213741,0.9960899315738034,0.0343199111578433,0.0078131979989757,0.0369016431793034,0.7002633468996896,0.5809924920850308,251.86956521739094,0.9891304347826112,0.9965770171149142,0.0,0.7247908505383762,0.9897976610880947,0.9805973249074222,0.9721924997092968,0.5809924920850293,0.7352941176470534,0.9891304347826096,,,0.9891304347826092,0.0
1998-01-01,0.9782608695652169,0.9891304347826092,0.9782608695652169,0.9673913043478262,0.9850746268656714,0.9904580152671744,0.997067448680352,0.0343199111578433,0.0100762386759663,0.0309780037343526,0.6741702007592588,0.562132609678876,252.84782608695616,0.9782608695652186,0.9951100244498772,0.0222677698507141,0.6966820454535956,0.989854189880142,0.9818198819587368,0.973627458985157,0.5621326096788767,0.6092436974789794,0.9782608695652172,,,0.9891304347826092,0.0
1998-02-01,0.9782608695652169,0.9782608695652169,0.9891304347826092,0.9565217391304356,0.9813432835820874,0.9885496183206096,0.9990224828934496,0.0343199111578067,0.0078131979990029,0.0,0.7002633468996896,0.5810488743941646,253.82608695652138,0.9782608695652186,0.9931540342298284,0.9554092315497656,0.6914916073303665,0.9899020219349524,0.9829518792284712,0.9750061453482396,0.5810488743941632,0.6092436974789794,0.9782608695652172,,,0.9891304347826092,0.0
1998-03-01,0.9782608695652169,0.9782608695652169,0.9891304347826092,0.9782608695652169,0.977611940298508,0.9885496183206096,0.9990224828934516,0.0,0.0078131979990029,0.0,0.7002633468996896,0.5432727272727268,254.8043478260866,0.9782608695652186,0.9926650366748148,0.5710665168439846,0.6971418641015532,0.989942495212099,0.9840000248485978,0.9763307655794362,0.5432727272727267,0.6092436974789794,0.9782608695652172,,,0.9891304347826092,0.0
1998-04-01,0.9673913043478262,0.9782608695652169,0.9782608695652169,0.9782608695652169,0.973880597014924,0.986641221374045,0.9980449657869012,0.034319911157725,0.0248899655633889,0.0116877710792333,0.6741313138052536,0.5244409519938594,255.7717391304344,0.967391304347828,0.99364303178484,0.2965245173761559,0.6657317800336884,0.9881845878072646,0.9841015959826124,0.9771380263269434,0.5244409519938585,0.6092436974789794,0.9673913043478266,,,0.9891304347826092,0.0
1998-05-01,0.9673913043478262,0.9673913043478262,0.9782608695652169,0.9782608695652169,0.970149253731342,0.9828244274809156,0.997067448680352,0.0343199111576897,0.0248899655634086,0.0203855168075904,0.7002633468996896,0.5244409519938594,256.7391304347822,0.967391304347828,0.99364303178484,0.6540744777450982,0.6617150841597059,0.986697127695484,0.9841956433289232,0.9779136297902352,0.5244409519938585,0.3823529411764822,0.9673913043478266,,,0.9891304347826092,0.0
1998-06-01,0.9673913043478262,0.9673913043478262,0.9782608695652169,0.9782608695652169,0.9664179104477616,0.979007633587786,0.9960899315738034,0.0,0.0100762386760447,0.0271893753638829,0.7002633468996896,0.5244409519938594,257.70652173913004,0.967391304347828,0.9931540342298284,0.4256566938086052,0.6656060717558425,0.9854385076008984,0.9842827242051362,0.9786588174314376,0.5244409519938585,0.3823529411764822,0.9673913043478266,,,0.9891304347826092,0.0
1998-07-01,0.9673913043478262,0.9673913043478262,0.9673913043478262,0.9891304347826092,0.9664179104477616,0.9770992366412204,0.9941348973607048,0.0,0.0078131979990883,0.0271893753638442,0.7002633468996896,0.5056652236652233,258.67391304347785,0.967391304347828,0.99364303178484,1.0,0.6578304157010884,0.9843735213670196,0.9843633546460744,0.9793747820278867,0.5056652236652225,0.3823529411764822,0.9673913043478266,,,0.9891304347826092,0.0
1998-08-01,0.9673913043478262,0.9673913043478262,0.9673913043478262,0.9891304347826092,0.9664179104477616,0.9751908396946556,0.992179863147606,0.0,1.7889856263053619e-13,0.0236451971760328,0.7002633468996896,0.5056652236652233,259.64130434782567,0.967391304347828,0.9946210268948636,0.727691959748654,0.6582389129826716,0.9834723791691208,0.9844380124617578,0.9800626695813364,0.5056652236652225,0.3823529411764822,0.9673913043478266,,,0.9891304347826092,0.0
1998-09-01,0.9891304347826092,0.9673913043478262,0.9673913043478262,0.9782608695652169,0.9738805970149258,0.9770992366412204,0.9931573802541545,0.068639822307953,0.0294936643224143,0.0309780037342791,0.7526054191575077,0.562104502551597,260.6304347826083,0.9891304347826112,0.9946210268948672,0.4865353812381272,0.7246227274925232,0.9862941822803526,0.9862450082084804,0.981654408336838,0.5621045025515975,0.5147058823529371,0.9891304347826096,,,0.9891304347826092,0.0
1998-10-01,0.9891304347826092,0.9891304347826092,0.9673913043478262,0.9782608695652169,0.9813432835820892,0.9809160305343508,0.9941348973607048,0.0686398223079938,0.0451200603199469,0.0369016431792682,0.7002633468996896,0.562104502551597,261.6195652173909,0.9891304347826112,0.9946210268948654,0.1514445066156895,0.7283985088613498,0.9886818618360104,0.9879181524184082,0.983183725964672,0.5621045025515975,0.5147058823529371,0.9891304347826096,,,0.9891304347826092,0.0
1998-11-01,0.9782608695652169,0.9891304347826092,0.9673913043478262,0.9891304347826092,0.9850746268656714,0.9828244274809156,0.9931573802541545,0.0343199111578591,0.0415364853600782,0.0309780037342791,0.6741702007592588,0.5244689754689736,262.5978260869561,0.9782608695652186,0.9955990220048908,0.5867193159658655,0.6890052695379403,0.9889100520514552,0.9885984259503892,0.9841876567599304,0.5244689754689733,0.5147058823529371,0.9782608695652172,,,0.9891304347826092,0.0
1998-12-01,0.9891304347826092,0.9782608695652169,0.9891304347826092,0.9891304347826092,0.9850746268656696,0.986641221374045,0.9931573802541545,0.0343199111578591,0.0415364853600631,0.0309780037342791,0.7263953799941295,0.5432727272727268,263.5869565217387,0.9891304347826112,0.9965770171149142,0.0,0.7247908505383762,0.9908952901038656,0.9900972429201768,0.9856176313123504,0.5432727272727267,0.6092436974789909,0.9891304347826096,,,0.9891304347826092,0.0
1999-01-01,0.9891304347826092,0.9891304347826092,0.9891304347826092,0.9782608695652169,0.9850746268656714,0.9904580152671744,0.9941348973607048,0.0343199111578591,0.0309503609214072,0.0369016431792682,0.7002633468996896,0.562104502551597,264.57608695652135,0.9891304347826112,0.9975550122249376,0.0222677698507141,0.7218836596050657,0.9925751069174442,0.9914850364107206,0.986991528431342,0.5621045025515975,0.5147058823529371,0.9891304347826096,,,0.9891304347826092,0.0
1999-02-01,0.9891304347826092,0.9891304347826092,0.9782608695652169,0.9782608695652169,0.9888059701492544,0.9942748091603058,0.995112414467255,0.0,0.0,0.0417069761283186,0.7002633468996896,0.562104502551597,265.565217391304,0.9891304347826112,0.9980440097799512,0.9554092315497656,0.7100476498614761,0.9939964903750872,0.992770030383447,0.988311547231941,0.5621045025515975,0.5147058823529371,0.9891304347826096,,,0.9891304347826092,0.0
1999-03-01,0.9673913043478262,0.9891304347826092,0.9891304347826092,0.9782608695652169,0.9813432835820892,0.9904580152671764,0.9941348973607048,0.0686398223079938,0.0309503609214114,0.045573092829718,0.648077054618832,0.5244409519938594,266.5326086956518,0.967391304347828,0.997066014669926,0.5710665168439846,0.6533768647334348,0.9916148914067168,0.9922219714778446,0.9886489734048408,0.5244409519938585,0.4201680672268949,0.9673913043478266,,,0.9891304347826092,0.0
1999-04-01,0.9782608695652169,0.9673913043478262,0.9891304347826092,0.9673913043478262,0.9776119402985062,0.9885496183206106,0.995112414467255,0.0594438298306831,0.0294936643223664,0.0417069761283191,0.7264343830285948,0.562132609678876,267.510869565217,0.9782608695652186,0.9951100244498772,0.2965245173761559,0.6935960105056154,0.9913918463035928,0.9925834435980168,0.9894385807710728,0.5621326096788767,0.5147058823529371,0.9782608695652172,,,0.9891304347826092,0.0
1999-05-01,0.9782608695652169,0.9782608695652169,0.9891304347826092,0.9673913043478262,0.9738805970149258,0.9885496183206106,0.9960899315738034,0.0343199111577305,0.0294936643223664,0.0369016431793005,0.7002633468996896,0.562132609678876,268.48913043478217,0.9782608695652186,0.994132029339852,0.6540744777450982,0.6922271408162644,0.9912031158317164,0.9929181400055836,0.99019722314255,0.5621326096788767,0.5147058823529371,0.9782608695652172,,,0.9891304347826092,0.0
1999-06-01,0.9782608695652169,0.9782608695652169,0.9673913043478262,0.9673913043478262,0.977611940298508,0.986641221374045,0.997067448680352,0.0,0.0248899655634009,0.0309780037343495,0.7002633468996896,0.562132609678876,269.46739130434736,0.9782608695652186,0.99364303178484,0.4256566938086052,0.6961236114308775,0.9910434208170537,0.9932280440866624,0.990926114832792,0.5621326096788767,0.6092436974789794,0.9782608695652172,,,0.9891304347826092,0.0
1999-07-01,0.9782608695652169,0.9782608695652169,0.9782608695652169,0.9673913043478262,0.977611940298508,0.9847328244274812,0.9980449657869012,0.0,0.0161977239734421,0.0236451971761517,0.7002633468996896,0.562132609678876,270.44565217391255,0.9782608695652186,0.99364303178484,1.0,0.6896634574450502,0.9909082942661848,0.9935149923098844,0.991626422535183,0.5621326096788767,0.6092436974789794,0.9782608695652172,,,0.9891304347826092,0.0
1999-08-01,0.9673913043478262,0.9782608695652169,0.9782608695652169,0.9673913043478262,0.9738805970149258,0.9809160305343508,0.9980449657869012,0.0343199111577305,0.0078131979990884,0.0236451971761517,0.6741313138052536,0.5432727272727268,271.41304347826036,0.967391304347828,0.9946210268948636,0.727691959748654,0.6582389129826716,0.989001802391492,0.992911751039359,0.991833853598151,0.5432727272727267,0.5147058823529371,0.9673913043478266,,,0.9891304347826092,0.0
1999-09-01,0.9673913043478262,0.9673913043478262,0.9782608695652169,0.9891304347826092,0.970149253731342,0.9809160305343508,0.9960899315738034,0.0343199111576951,0.0078131979990884,0.0271893753638769,0.7002633468996896,0.5056652236652233,272.3804347826082,0.967391304347828,0.9965770171149124,0.4865353812381272,0.6556499523091119,0.9873886169590592,0.9923531943073928,0.9920331501096308,0.5056652236652225,0.5147058823529371,0.9673913043478266,,,0.9891304347826092,0.0
1999-10-01,0.9673913043478262,0.9673913043478262,0.9782608695652169,0.9891304347826092,0.9664179104477616,0.979007633587786,0.9941348973607048,0.0,0.0100762386760789,0.0271893753638353,0.7002633468996896,0.5056652236652233,273.347826086956,0.967391304347828,0.999022004889973,0.1514445066156895,0.6527943579252522,0.9860236139008478,0.9918360121481636,0.9922246310716414,0.5056652236652225,0.5147058823529371,0.9673913043478266,,,0.9891304347826092,0.0
1999-11-01,0.9782608695652169,0.9673913043478262,0.9673913043478262,0.9782608695652169,0.970149253731342,0.979007633587786,0.9941348973607048,0.0343199111576951,0.0100762386760789,0.0271893753638353,0.7264343830285948,0.5432727272727268,274.3260869565212,0.9782608695652186,1.0,0.5867193159658655,0.6770756545819623,0.9866607653370868,0.992226073848312,0.992874016568587,0.5432727272727267,0.4201680672268796,0.9782608695652172,,,0.9891304347826092,0.0
1999-12-01,0.9782608695652169,0.9782608695652169,0.9673913043478262,0.9891304347826092,0.9738805970149258,0.979007633587786,0.9931573802541545,0.0343199111577305,0.0100762386760789,0.0203855168074933,0.7002633468996896,0.5244689754689736,275.30434782608637,0.9782608695652186,1.0,0.0,0.6836726022029502,0.9871998934754423,0.9925872420891908,0.9934979359676132,0.5244689754689733,0.4201680672268796,0.9782608695652172,,,0.9891304347826092,0.0
2000-01-01,1.0,0.9782608695652169,0.9673913043478262,0.9891304347826092,0.9850746268656714,0.9828244274809156,0.9941348973607048,0.0686398223080112,0.0549633373308901,0.0369016431792606,0.7525274130885655,0.5620764790764772,276.30434782608637,1.0,0.9990220048899748,0.0222677698507141,0.7497281963925424,0.9912403868711968,0.9946595252666484,0.9950282151237656,0.5620764790764774,0.6801470588235274,1.0000000000000002,,,1.0,0.0
2000-02-01,1.0,1.0,0.9782608695652169,0.9891304347826092,0.9925373134328366,0.9885496183206096,0.9951124144672532,0.068639822308052,0.0692110155751816,0.0499383840181939,0.7002633468996896,0.5620764790764772,277.30434782608637,1.0,0.9975550122249376,0.9554092315497656,0.7431928601153501,0.994659265898374,0.9965783059865174,0.9964984833326174,0.5620764790764774,0.6092436974789833,1.0000000000000002,,,1.0,0.0
2000-03-01,1.0,1.0,0.9782608695652169,0.9673913043478262,1.0,0.994274809160304,0.9980449657869012,0.0,0.0665307497221315,0.0584150140556642,0.7002633468996896,0.5998523744911799,278.30434782608637,1.0,0.9965770171149124,0.5710665168439846,0.7501858533487891,0.9975521635367536,0.9983549548012096,0.9979110939646514,0.5998523744911793,0.6092436974789833,1.0000000000000002,,,1.0,0.0
2000-04-01,1.0,1.0,1.0,0.9782608695652169,1.0,1.0,1.0,0.0,0.0451200603198696,0.0676349412206132,0.7002633468996896,0.5809362778304644,279.30434782608637,1.0,0.9951100244498772,0.2965245173761559,0.7572738154631651,1.0,1.0,0.9992683081013114,0.5809362778304655,0.6092436974789833,1.0000000000000002,,,1.0,0.0
2000-05-01,0.9782608695652169,1.0,1.0,0.9782608695652169,0.992537313432833,1.0,1.0,0.068639822308052,0.0451200603198696,0.0676349412206132,0.6481545974008244,0.5432727272727268,280.28260869565156,0.9782608695652176,0.9931540342298266,0.6540744777450982,0.6948808718341013,0.998486938190216,0.9997853218592708,0.9996414709696432,0.5432727272727267,0.6092436974789833,0.9782608695652172,,,1.0,0.0
2000-06-01,0.9782608695652169,0.9782608695652169,1.0,0.9782608695652169,0.9850746268656696,1.0,1.0,0.0686398223080112,0.0451200603198696,0.0676349412206132,0.7002633468996896,0.5432727272727268,281.26086956521675,0.9782608695652176,0.9916870415647931,0.4256566938086052,0.701433030866589,0.9972066551203992,0.99958654580304,1.0,0.5432727272727267,0.5147058823529371,0.9782608695652172,,,1.0,0.0
2000-07-01,0.9565217391304356,0.9782608695652169,1.0,0.9782608695652169,0.970149253731342,0.992366412213741,0.9980449657869012,0.0686398223079295,0.0884809929661344,0.0841074412643372,0.6479992807108156,0.5056091767149906,282.2173913043472,0.9565217391304356,0.990709046454766,1.0,0.6339363506306448,0.9925390306287936,0.9976646257595156,0.9994136418838436,0.5056091767149905,0.3492647058823556,0.956521739130436,,,1.0,0.0
2000-08-01,0.9565217391304356,0.9565217391304356,0.9782608695652169,0.9673913043478262,0.9626865671641784,0.9847328244274812,0.997067448680352,0.0686398223078917,0.0997410976992427,0.0936319211590252,0.7002633468996896,0.5244128448665762,283.1739130434776,0.9565217391304356,0.9892420537897308,0.727691959748654,0.6409630443499523,0.9885895022128182,0.9958850701636592,0.9988502782036148,0.5244128448665767,0.3492647058823556,0.956521739130436,,,1.0,0.0
2000-09-01,0.9565217391304356,0.9565217391304356,0.9782608695652169,0.9673913043478262,0.955223880597016,0.9770992366412204,0.9960899315738034,0.0,0.088480992966177,0.1021188677650411,0.7002633468996896,0.5244128448665762,284.13043478260806,0.9565217391304356,0.9877750611246938,0.4865353812381272,0.6476435411407344,0.9852475935531472,0.9942373335008295,0.9983090072167284,0.5244128448665767,0.3492647058823556,0.956521739130436,,,1.0,0.0
2000-10-01,0.945652173913043,0.9565217391304356,0.9565217391304356,0.9673913043478262,0.9514925373134328,0.9675572519083966,0.9941348973607028,0.0343199111575062,0.0589873286443725,0.1211681495274003,0.6740531911353113,0.5055529624604242,285.0760869565211,0.945652173913044,0.9853300733496316,0.1514445066156895,0.6261530453270865,0.980627670663316,0.9918427173358122,0.9973235489507832,0.505552962460424,0.3492647058823469,0.9456521739130436,,,1.0,0.0
2000-11-01,0.9565217391304356,0.945652173913043,0.9565217391304356,0.9782608695652169,0.9514925373134328,0.9637404580152672,0.992179863147606,0.0343199111575062,0.0415364853601635,0.1284874682863062,0.7265127394241966,0.5056091767149906,286.03260869565156,0.9565217391304356,0.9814180929095356,0.5867193159658655,0.6637570356647657,0.9785106591651074,0.990494414215786,0.9968421496993018,0.5056091767149905,0.4411764705882364,0.956521739130436,,,1.0,0.0
2000-12-01,0.9673913043478262,0.9565217391304356,0.9565217391304356,0.9782608695652169,0.955223880597015,0.9618320610687006,0.9912023460410576,0.0594438298305518,0.0161977239735847,0.129380725691304,0.7264735026640641,0.5244409519938594,286.9999999999994,0.9673913043478262,0.9775061124694382,0.0,0.7128902598002931,0.9785114957675036,0.9901149194707513,0.9968450424421098,0.5244409519938585,0.5147058823529371,0.9673913043478266,,,1.0,0.0
2001-01-01,0.9891304347826092,0.9673913043478262,0.945652173913043,1.0,0.970149253731342,0.9675572519083966,0.9902248289345056,0.0908019499298282,0.0700884077625136,0.12116814952736,0.7526054191575077,0.5244969156648216,287.989130434782,0.9891304347826092,0.975061124694376,0.0222677698507141,0.7831449928409846,0.982096511709754,0.9915014035871784,0.9977786489285618,0.524496915664821,0.5748663101604281,0.9891304347826096,,,1.0,0.0
2001-02-01,0.9782608695652169,0.9891304347826092,0.9565217391304356,1.0,0.9776119402985062,0.971374045801526,0.9882697947214084,0.0594438298307074,0.0768472546925604,0.1071056969960796,0.6741702007592588,0.5057211040569135,288.9673913043472,0.9782608695652176,0.9726161369193154,0.9554092315497656,0.7473637934508979,0.983337832713854,0.991916251106658,0.998210229803667,0.5057211040569127,0.5147058823529371,0.9782608695652172,,,1.0,0.0
2001-03-01,0.9891304347826092,0.9782608695652169,0.9673913043478262,1.0,0.9850746268656714,0.977099236641222,0.98729227761486,0.0343199111579104,0.0884809929661824,0.0962977732184479,0.7263953799941295,0.5244969156648216,289.9565217391298,0.9891304347826092,0.9701711491442532,0.5710665168439846,0.7903058981291764,0.9861803352797428,0.9931693032500551,0.9990902995308416,0.524496915664821,0.4545454545454556,0.9891304347826096,,,1.0,0.0
2001-04-01,0.9565217391304356,0.9891304347826092,0.9891304347826092,1.0,0.973880597014924,0.979007633587786,0.9833822091886608,0.0908019499298448,0.070088407762482,0.077429713588982,0.6219839084784032,0.4681694808411016,290.91304347826025,0.9565217391304356,0.9691931540342296,0.2965245173761559,0.7002510175342316,0.9832090676866984,0.9917227345067507,0.998539615942888,0.4681694808411014,0.325630252100844,0.956521739130436,,,1.0,0.0
2001-05-01,0.9347826086956524,0.9565217391304356,0.9782608695652169,0.9782608695652169,0.9589552238805964,0.9751908396946556,0.9794721407624642,0.1495970244671341,0.1107176152319218,0.0962977732183517,0.6478430353709348,0.4679456261572515,291.8478260869559,0.9347826086956524,0.9677261613691944,0.6540744777450982,0.6363340848447692,0.9771106101369788,0.988645450864083,0.9970797006052168,0.4679456261572515,0.266544117647062,0.934782608695653,,,1.0,0.0
2001-06-01,0.9347826086956524,0.9347826086956524,0.9891304347826092,0.9782608695652169,0.9402985074626872,0.9694656488549632,0.9755620723362668,0.068639822307767,0.1394203389829371,0.1064913486031136,0.7002633468996896,0.4679456261572515,292.7826086956515,0.9347826086956524,0.965281173594132,0.4256566938086052,0.6455381677977492,0.971950376825676,0.9857961141579096,0.9956770368494156,0.4679456261572515,0.266544117647062,0.934782608695653,,,1.0,0.0
2001-07-01,0.945652173913043,0.9347826086956524,0.9565217391304356,0.9565217391304356,0.9365671641791052,0.9618320610687006,0.9745845552297164,0.0343199111573117,0.1220475268032538,0.1103410700784567,0.7265520938357736,0.5243846537120065,293.72826086956456,0.945652173913044,0.9603911980440092,1.0,0.6843523249891703,0.9693761795862246,0.9840267734997744,0.9947947931076806,0.5243846537120058,0.3823529411764698,0.9456521739130436,,,1.0,0.0
2001-08-01,0.91304347826087,0.945652173913043,0.9347826086956524,0.9565217391304356,0.9291044776119416,0.950381679389312,0.9706744868035192,0.090801949929642,0.1414678562041641,0.1462077624417058,0.6215151693261804,0.4677204330298484,294.64130434782544,0.91304347826087,0.955501222493888,0.727691959748654,0.6047656103211665,0.9618215506194314,0.9797816929032016,0.99255090638293,0.4677204330298484,0.294117647058824,0.91304347826087,,,1.0,0.0
2001-09-01,0.945652173913043,0.91304347826087,0.9347826086956524,0.9565217391304356,0.932835820895522,0.9427480916030532,0.9696969696969706,0.1029597334596866,0.0692110155753295,0.1476644555834144,0.7793667794096188,0.5243846537120065,295.5869565217385,0.945652173913042,0.9511002444987788,0.4865353812381272,0.7154694402079791,0.9608056343347862,0.9784578649305996,0.9917912559928208,0.5243846537120058,0.4798761609907056,0.9456521739130436,,,1.0,0.0
2001-10-01,0.9347826086956524,0.945652173913043,0.945652173913043,0.945652173913043,0.9291044776119382,0.9389312977099236,0.9687194525904204,0.090801949929642,0.0496461416739986,0.1525995804908228,0.6740139543751885,0.5243563781527865,296.5217391304341,0.9347826086956514,0.9471882640586796,0.1514445066156895,0.6978980824373124,0.9581538588392052,0.9763631642194994,0.9905959822218184,0.5243563781527858,0.4485294117647017,0.934782608695653,,,1.0,0.0
2001-11-01,0.9347826086956524,0.9347826086956524,0.91304347826087,0.9565217391304356,0.9365671641791034,0.9389312977099236,0.9667644183773224,0.0343199111573086,0.0496461416739986,0.1575675384444246,0.7002633468996896,0.5054965801512876,297.45652173912976,0.9347826086956514,0.9462102689486542,0.5867193159658655,0.6956704304894679,0.9559100488044834,0.9744236265240368,0.9894475819320316,0.5054965801512875,0.4485294117647017,0.934782608695653,,,1.0,0.0
2001-12-01,0.9347826086956524,0.9347826086956524,0.945652173913043,0.9673913043478262,0.932835820895523,0.9389312977099236,0.9638318670576737,0.0,0.0496461416739986,0.1571069919751618,0.7002633468996896,0.4866930800542737,298.3913043478254,0.9347826086956514,0.9457212713936444,0.0,0.7036086603035905,0.9540114403135656,0.9726277582874968,0.988344216947728,0.486693080054274,0.4798761609907104,0.934782608695653,,,1.0,0.0
2002-01-01,0.91304347826087,0.9347826086956524,0.9347826086956524,0.9891304347826092,0.9253731343283578,0.9332061068702292,0.9569892473118288,0.0686398223076905,0.0589873286445029,0.1449035207955993,0.6476858530275197,0.4116464646464631,299.30434782608626,0.9130434782608684,0.9437652811735936,0.0222677698507141,0.6445967529771899,0.9488206173887191,0.9692270491881292,0.9863532939939555,0.4116464646464635,0.3823529411764653,0.91304347826087,,,1.0,0.0
2002-02-01,0.945652173913043,0.91304347826087,0.9347826086956524,0.9782608695652169,0.92910447761194,0.9389312977099236,0.95405669599218,0.0908019499296461,0.0496461416739986,0.1213550683576266,0.7793667794096188,0.4867774014361203,300.2499999999993,0.9456521739130404,0.9427872860635702,0.9554092315497656,0.732911736301908,0.949804844678031,0.9686850466759038,0.9858366872269428,0.4867774014361197,0.4545454545454501,0.9456521739130436,,,1.0,0.0
2002-03-01,0.9239130434782608,0.945652173913043,0.9347826086956524,0.9891304347826092,0.925373134328356,0.935114503816794,0.9481915933528846,0.0908019499296323,0.0451200603201521,0.0645535201613415,0.6477645618506815,0.4304502164502148,301.17391304347757,0.9239130434782572,0.9427872860635684,0.5710665168439846,0.6731487413391228,0.9470533443364556,0.9664453243583092,0.9844095123642952,0.4304502164502142,0.3342245989304759,0.9239130434782608,,,1.0,0.0
2002-04-01,0.9347826086956524,0.9239130434782608,0.91304347826087,0.9565217391304356,0.932835820895522,0.935114503816794,0.946236559139786,0.0594438298304012,0.0451200603201521,0.0486170080996357,0.7265915664287733,0.5054965801512876,302.1086956521732,0.9347826086956496,0.9418092909535448,0.2965245173761559,0.7109596082750649,0.9465173057636952,0.9652404414673788,0.9835037187355892,0.5054965801512875,0.3943850267379674,0.934782608695653,,,1.0,0.0
2002-05-01,0.9347826086956524,0.9347826086956524,0.945652173913043,0.9347826086956524,0.92910447761194,0.935114503816794,0.946236559139784,0.0343199111572452,0.0451200603201521,0.0486170080996357,0.7002633468996896,0.5432727272727268,303.0434782608688,0.9347826086956496,0.9398533007334962,0.6540744777450982,0.7122817162213693,0.9460637346636672,0.9641248091609622,0.9826334464256554,0.5432727272727267,0.3571428571428535,0.934782608695653,,,1.0,0.0
2002-06-01,0.9239130434782608,0.9347826086956524,0.9239130434782608,0.9347826086956524,0.92910447761194,0.9332061068702276,0.9452590420332356,0.0343199111572452,0.0462769312412149,0.050917412499092,0.6739745999636036,0.5243280178092755,303.9673913043471,0.9239130434782572,0.9364303178484104,0.4256566938086052,0.6921432777564753,0.9438877897089162,0.9622228822148448,0.981331888849332,0.524328017809275,0.4102167182662468,0.9239130434782608,,,1.0,0.0
2002-07-01,0.91304347826087,0.9239130434782608,0.9347826086956524,0.945652173913043,0.9216417910447748,0.9332061068702276,0.9423264907135868,0.0594438298303304,0.0462769312412149,0.0537960296112661,0.6739351273706098,0.4865236799129016,304.88043478260795,0.9130434782608664,0.9339853300733498,1.0,0.6602907578097188,0.9402544514924784,0.9595929046764136,0.9796159591543212,0.4865236799129014,0.4411764705882305,0.91304347826087,,,1.0,0.0
2002-08-01,0.9239130434782608,0.91304347826087,0.9347826086956524,0.91304347826087,0.9179104477611926,0.9293893129770998,0.9433040078201368,0.0343199111571196,0.0248899655637399,0.0455730928287931,0.7266311577363314,0.5622744133059903,305.8043478260862,0.9239130434782572,0.9315403422982876,0.727691959748654,0.7021172989496591,0.9389722424102188,0.9580266743587824,0.978432734412169,0.5622744133059906,0.479876160990705,0.9239130434782608,,,1.0,0.0
2002-09-01,0.9347826086956524,0.9239130434782608,0.9239130434782608,0.945652173913043,0.9216417910447748,0.9312977099236646,0.9423264907135868,0.0594438298303258,0.0294936643226789,0.0372813048368928,0.7265915664287733,0.5243563781527865,306.7391304347818,0.9347826086956496,0.9281173594132016,0.4865353812381272,0.746311122069951,0.9396794502876498,0.9574453951715204,0.9777613242325645,0.5243563781527858,0.4798761609907104,0.934782608695653,,,1.0,0.0
2002-10-01,0.9239130434782608,0.9347826086956524,0.91304347826087,0.9347826086956524,0.9253731343283578,0.929389312977098,0.9413489736070382,0.0343199111571879,0.0248899655637399,0.0369016431782107,0.6739745999636036,0.5243280178092755,307.6630434782601,0.9239130434782572,0.9251833740831296,0.1514445066156895,0.7260163952572825,0.9384857029292092,0.9560382396320292,0.976650830271657,0.524328017809275,0.5536332179930727,0.9239130434782608,,,1.0,0.0
2002-11-01,0.9021739130434794,0.9239130434782608,0.9239130434782608,0.9347826086956524,0.9179104477611943,0.9236641221374056,0.9384164222873892,0.0908019499296005,0.0451200603202051,0.0562858254188942,0.64760690784153,0.4864385988823771,308.5652173913036,0.9021739130434758,0.9222493887530554,0.5867193159658655,0.6648943039956663,0.9338913009626156,0.9529974496965954,0.9746530579089904,0.4864385988823769,0.3492647058823542,0.9021739130434794,,,1.0,0.0
2002-12-01,0.8913043478260869,0.9021739130434794,0.9347826086956524,0.9347826086956524,0.9029850746268648,0.9179389312977096,0.9345063538611926,0.0908019499295563,0.0768472546927289,0.082409912635403,0.6738558255045545,0.4674938894189258,309.45652173912964,0.8913043478260834,0.9202933985330066,0.0,0.644690008411132,0.9282115760438484,0.9493129693902792,0.9722682159682784,0.4674938894189252,0.3492647058823498,0.8913043478260871,,,1.0,0.0
2003-01-01,0.9021739130434794,0.8913043478260869,0.9239130434782608,0.91304347826087,0.8955223880597014,0.9160305343511448,0.9335288367546442,0.0343199111569538,0.0824269226407576,0.0897647441986725,0.7267106986438385,0.5242710412394633,310.35869565217314,0.9021739130434758,0.9183374083129578,0.0222677698507141,0.6819434184027315,0.925197808982694,0.9467703476209016,0.970442310833196,0.5242710412394628,0.3979238754325259,0.9021739130434794,,,1.0,0.0
2003-02-01,0.9021739130434794,0.9021739130434794,0.9021739130434794,0.945652173913043,0.8955223880597014,0.9122137404580136,0.9296187683284468,0.0343199111569538,0.0792735954484979,0.080193433244825,0.7002633468996896,0.4676073307929612,311.26086956521664,0.9021739130434758,0.9144254278728604,0.9554092315497656,0.6821659788301346,0.9226476983924874,0.944416068204811,0.9686880098210572,0.4676073307929605,0.3979238754325259,0.9021739130434794,,,1.0,0.0
2003-03-01,0.8913043478260869,0.9021739130434794,0.8913043478260869,0.9239130434782608,0.8955223880597014,0.9045801526717544,0.9266862170087976,0.0343199111569538,0.0496461416741614,0.0936319211582068,0.6738558255045545,0.4863532623532624,312.1521739130427,0.8913043478260834,0.9090464547677256,0.5710665168439846,0.6690502851037152,0.9186977584845089,0.9413672457867754,0.9665370913347732,0.4863532623532622,0.4319852941176442,0.8913043478260871,,,1.0,0.0
2003-04-01,0.9021739130434794,0.8913043478260869,0.9021739130434794,0.9347826086956524,0.8955223880597014,0.9007633587786268,0.9237536656891489,0.0343199111569538,0.0078131979998307,0.0860204500642769,0.7267106986438385,0.4864385988823771,313.0543478260862,0.9021739130434758,0.9036674816625913,0.2965245173761559,0.7190979372318793,0.9171476556632524,0.9394131961361758,0.9649359361853174,0.4864385988823769,0.325630252100848,0.9021739130434794,,,1.0,0.0
2003-05-01,0.9021739130434794,0.9021739130434794,0.9021739130434794,0.9347826086956524,0.8955223880597014,0.900763358778625,0.9208211143695024,0.0343199111569538,0.0078131979998307,0.0732940960557911,0.7002633468996896,0.4864385988823771,313.9565217391297,0.9021739130434758,0.8997555012224936,0.6540744777450982,0.7258250466188514,0.915836030199114,0.9376038909041382,0.9633975714338812,0.4864385988823769,0.4044117647058894,0.9021739130434794,,,1.0,0.0
2003-06-01,0.91304347826087,0.9021739130434794,0.8913043478260869,0.9239130434782608,0.9029850746268648,0.9045801526717544,0.9198435972629522,0.0343199111570062,0.0161977239740423,0.0676349412194619,0.7266708682948227,0.5242995722995729,314.8695652173906,0.9130434782608664,0.8963325183374078,0.4256566938086052,0.7700593982551318,0.916518347291876,0.9367975423516856,0.962384948304182,0.5242995722995728,0.4044117647058803,0.91304347826087,,,1.0,0.0
2003-07-01,0.8804347826086962,0.91304347826087,0.9021739130434794,0.91304347826087,0.8955223880597014,0.9007633587786268,0.916911045943305,0.0908019499295376,0.0451200603203292,0.0853063747481196,0.6211599143897584,0.4862676691729322,315.74999999999926,0.8804347826086927,0.892909535452322,1.0,0.6762793606866424,0.9117192304523424,0.9334441211122256,0.9600157951086424,0.4862676691729323,0.294117647058825,0.8804347826086965,,,1.0,0.0
2003-08-01,0.8695652173913038,0.8804347826086962,0.9021739130434794,0.9239130434782608,0.8843283582089558,0.8950381679389325,0.9120234604105572,0.1237421994316657,0.0768472546928193,0.1021188677641246,0.6737760444731489,0.4484069524069519,316.6195652173906,0.8695652173913011,0.8894865525672362,0.727691959748654,0.6564817306869699,0.9058662852564704,0.9294701673762544,0.9572741362892874,0.4484069524069518,0.294117647058825,0.8695652173913042,,,1.0,0.0
2003-09-01,0.8695652173913038,0.8695652173913038,0.91304347826087,0.9347826086956524,0.8694029850746254,0.8912213740458022,0.906158357771262,0.0343199111567611,0.0949402417710242,0.0915982773176496,0.7002633468996896,0.4296044704920246,317.4891304347819,0.8695652173913011,0.8860635696821504,0.4865353812381272,0.6685915137178142,0.900913793167656,0.925790580583688,0.9546399935020632,0.4296044704920244,0.3256302521008393,0.8695652173913042,,,1.0,0.0
2003-10-01,0.8695652173913038,0.8695652173913038,0.8804347826086962,0.9239130434782608,0.865671641791045,0.885496183206107,0.9012707722385144,0.0,0.0970200611256897,0.0833826874261093,0.7002633468996896,0.4484069524069519,318.3586956521732,0.8695652173913011,0.8821515892420546,0.1514445066156895,0.6831141205836282,0.896723222938661,0.922383555775756,0.9521091504319852,0.4484069524069518,0.2601809954751183,0.8695652173913042,,,1.0,0.0
2003-11-01,0.8695652173913038,0.8695652173913038,0.8695652173913038,0.9021739130434794,0.865671641791045,0.8797709923664119,0.8983382209188671,0.0,0.0862478322177262,0.089764744198265,0.7002633468996896,0.4861818181818155,319.2282608695645,0.8695652173913011,0.8777506112469435,0.5867193159658655,0.6903316054061932,0.893177355821817,0.919228903175819,0.9496775561097532,0.4861818181818154,0.1838235294117664,0.8695652173913042,,,1.0,0.0
2003-12-01,0.8478260869565224,0.8695652173913038,0.8695652173913038,0.8913043478260869,0.8582089552238799,0.8683206106870216,0.8944281524926678,0.0686398223074283,0.0415364853607031,0.1211681495264475,0.6472085989227846,0.4670367018602324,320.076086956521,0.8478260869565188,0.873838630806846,0.0,0.6430294199206621,0.8865926986750354,0.91457006040664,0.9464104912430704,0.4670367018602323,0.1583710407239887,0.8478260869565227,,,1.0,0.0
2004-01-01,0.8695652173913038,0.8478260869565224,0.8695652173913038,0.9021739130434794,0.8582089552238799,0.8664122137404568,0.8914956011730215,0.0686398223074283,0.0294936643231546,0.1183386274925894,0.7534791108036863,0.4861818181818155,320.9456521739123,0.8695652173913011,0.8713936430317855,0.0222677698507141,0.7142059155423404,0.8846053737525965,0.9119941852414524,0.9442023737517752,0.4861818181818154,0.3619909502262367,0.8695652173913042,,,1.0,0.0
2004-02-01,0.8586956521739131,0.8695652173913038,0.8695652173913038,0.9021739130434794,0.8544776119402977,0.8645038167938921,0.8875855327468241,0.0594438298300436,0.0309503609222083,0.1183386274925534,0.6737359729112371,0.4671515151515136,321.80434782608626,0.8586956521739095,0.8704156479217602,0.9554092315497656,0.6740581657652456,0.8811316371019604,0.9087401815742532,0.9416154355110072,0.4671515151515134,0.3619909502262423,0.8586956521739135,,,1.0,0.0
2004-03-01,0.8586956521739131,0.8586956521739131,0.8478260869565224,0.8913043478260869,0.8582089552238799,0.8625954198473265,0.8846529814271751,0.0343199111566929,0.0294936643231901,0.1211681495263583,0.7002633468996896,0.4860957082133549,322.6630434782602,0.8586956521739095,0.8684596577017114,0.5710665168439846,0.6837671046261065,0.8781923214744989,0.9057272152157356,0.939129945828701,0.4860957082133552,0.2941176470588156,0.8586956521739135,,,1.0,0.0
2004-04-01,0.8478260869565224,0.8586956521739131,0.8695652173913038,0.9021739130434794,0.8507462686567155,0.8587786259541978,0.8797653958944274,0.0343199111566514,0.0351237166897301,0.1183386274924787,0.6736957799203446,0.4481212121212118,323.5108695652167,0.8478260869565188,0.8660146699266509,0.2965245173761559,0.6612264596521875,0.8739130542273044,0.902068497480638,0.936276512737746,0.4481212121212115,0.2601809954751072,0.8478260869565227,,,1.0,0.0
2004-05-01,0.8586956521739131,0.8478260869565224,0.8586956521739131,0.9021739130434794,0.8507462686567155,0.8568702290076331,0.8758553274682308,0.0343199111566514,0.0248899655643408,0.0989140918608874,0.7268712288516899,0.4671515151515136,324.36956521739063,0.8586956521739095,0.8645476772616139,0.6540744777450982,0.6936202673975025,0.8720842898113279,0.8995497299438684,0.9340003925759596,0.4671515151515134,0.3619909502262389,0.8586956521739135,,,1.0,0.0
2004-06-01,0.8695652173913038,0.8586956521739131,0.8586956521739131,0.91304347826087,0.8544776119402977,0.8606870229007626,0.8719452590420333,0.0594438298300464,0.0248899655643036,0.0372813048355515,0.7268309138790346,0.467265983139666,325.23913043478194,0.8695652173913011,0.8640586797066021,0.4256566938086052,0.7299147240342165,0.8723290277909976,0.8980864718499975,0.93227894562063,0.4672659831396656,0.36199095022623,0.8695652173913042,,,1.0,0.0
2004-07-01,0.8695652173913038,0.8695652173913038,0.8478260869565224,0.8804347826086962,0.8619402985074611,0.8606870229007626,0.8709677419354849,0.0343199111567209,0.0248899655643036,0.0271893753611102,0.7002633468996896,0.5241849308797925,326.10869565217325,0.8695652173913011,0.8625916870415651,1.0,0.727497991616584,0.872536113773795,0.8967316032445618,0.9306250063890404,0.5241849308797927,0.36199095022623,0.8695652173913042,,,1.0,0.0
2004-08-01,0.8586956521739131,0.8695652173913038,0.8586956521739131,0.8695652173913038,0.8619402985074611,0.8606870229007626,0.8699902248289364,0.0343199111567209,0.0248899655643036,0.0258812160392533,0.6737359729112371,0.5241560537294281,326.9673913043472,0.8586956521739095,0.8606356968215163,0.727691959748654,0.7035891460993255,0.8709191863506662,0.8946081612067607,0.9285705139272036,0.5241560537294279,0.2601809954751015,0.8586956521739135,,,1.0,0.0
2004-09-01,0.8369565217391299,0.8586956521739131,0.8695652173913038,0.8695652173913038,0.8507462686567155,0.8568702290076331,0.8670576735092874,0.0908019499294222,0.0549633373314806,0.0455730928274769,0.6471282129409976,0.485922706642828,327.8043478260863,0.8369565217391264,0.8596577017114928,0.4865353812381272,0.6442188212588462,0.8659667089447192,0.8909041430321532,0.925665762612665,0.4859227066428276,0.2941176470588103,0.8369565217391306,,,1.0,0.0
2004-10-01,0.8478260869565224,0.8369565217391299,0.8695652173913038,0.8695652173913038,0.8432835820895521,0.8568702290076331,0.8651026392961869,0.0594438298300027,0.0549633373314806,0.0455730928274427,0.726911666362256,0.5050393801861295,328.6521739130428,0.8478260869565188,0.8601466992665046,0.1514445066156895,0.6790301080724035,0.8635683051636445,0.8883434306439852,0.9233403367066516,0.5050393801861291,0.4044117647058817,0.8478260869565227,,,1.0,0.0
2004-11-01,0.8586956521739131,0.8478260869565224,0.8586956521739131,0.8695652173913038,0.8432835820895521,0.8568702290076331,0.8641251221896384,0.0594438298300027,0.0549633373314806,0.0402574221782856,0.7268712288516899,0.5241560537294281,329.51086956521675,0.8586956521739095,0.8616136919315416,0.5867193159658655,0.7024752319884335,0.863331040603617,0.886841334724747,0.9215715175656918,0.5241560537294279,0.4638009049773729,0.8586956521739135,,,1.0,0.0
2004-12-01,0.8478260869565224,0.8586956521739131,0.8369565217391299,0.8478260869565224,0.8470149253731334,0.8530534351145036,0.8641251221896384,0.0343199111566185,0.0462769312416949,0.0402574221782856,0.6736957799203446,0.5432727272727268,330.35869565217325,0.8478260869565188,0.8621026894865533,0.0,0.6753386725320922,0.8613381242596345,0.8845815711000924,0.9194066502889724,0.5432727272727267,0.4201680672268891,0.8478260869565227,,,1.0,0.0
2005-01-01,0.8369565217391299,0.8478260869565224,0.8478260869565224,0.8695652173913038,0.8432835820895521,0.8473282442748076,0.8611925708699903,0.0594438298300027,0.0351237166898362,0.0455730928273744,0.6736554649476874,0.485922706642828,331.1956521739124,0.8369565217391264,0.8621026894865533,0.0222677698507141,0.64269773621103,0.8578596564061538,0.8816202633037555,0.9168612661759328,0.4859227066428276,0.3823529411764648,0.8369565217391306,,,1.0,0.0
2005-02-01,0.8478260869565224,0.8369565217391299,0.8586956521739131,0.8586956521739131,0.83955223880597,0.8454198473282446,0.8602150537634419,0.0343199111565697,0.0248899655644668,0.0459163642950555,0.726911666362256,0.5241270890725437,332.0434782608689,0.8478260869565188,0.8630806845965768,0.9554092315497656,0.6619077078266855,0.8567084914771677,0.8797472457102851,0.9148811146399876,0.5241270890725441,0.5147058823529371,0.8478260869565227,,,1.0,0.0
2005-03-01,0.8478260869565224,0.8478260869565224,0.8478260869565224,0.8586956521739131,0.83955223880597,0.8473282442748076,0.8592375366568916,0.0343199111565697,0.016197723974671,0.0455730928273368,0.7002633468996896,0.5241270890725437,332.8913043478254,0.8478260869565188,0.8655256723716391,0.5710665168439846,0.6594893650512752,0.855734428844948,0.8780129701607757,0.9129786161054518,0.5241270890725441,0.4044117647058841,0.8478260869565227,,,1.0,0.0
2005-04-01,0.8695652173913038,0.8478260869565224,0.8369565217391299,0.8478260869565224,0.8507462686567155,0.8511450381679388,0.8611925708699903,0.0686398223074088,0.0451200603206582,0.0534803582632564,0.7534791108036863,0.5816221087966124,333.7608695652167,0.8695652173913011,0.8679706601466997,0.2965245173761559,0.720563826162337,0.8584945300502147,0.8781450276063936,0.9120815525411228,0.5816221087966129,0.5656108597285003,0.8695652173913042,,,1.0,0.0
2005-05-01,0.8695652173913038,0.8695652173913038,0.8478260869565224,0.8586956521739131,0.8582089552238799,0.8530534351145036,0.8621700879765406,0.0686398223074381,0.0589873286449076,0.0599092918230528,0.7002633468996896,0.5624183654729099,334.630434782608,0.8695652173913011,0.8689486552567232,0.6540744777450982,0.7138374710160456,0.860830000300826,0.878267303019002,0.9112196679401016,0.5624183654729092,0.5656108597285003,0.8695652173913042,,,1.0,0.0
2005-06-01,0.8695652173913038,0.8695652173913038,0.8478260869565224,0.8695652173913038,0.865671641791045,0.8568702290076331,0.8621700879765388,0.0,0.0665307497226856,0.0599092918230528,0.7002633468996896,0.5432727272727268,335.4999999999993,0.8695652173913011,0.8694376528117367,0.4256566938086052,0.7150600231416391,0.8628061674359566,0.8783805209936384,0.9103915827351976,0.5432727272727267,0.6249999999999901,0.8695652173913042,,,1.0,0.0
2005-07-01,0.8695652173913038,0.8695652173913038,0.8695652173913038,0.8695652173913038,0.865671641791045,0.8625954198473291,0.8621700879765406,0.0,0.0451200603205584,0.0599092918230528,0.7002633468996896,0.5432727272727268,336.36956521739063,0.8695652173913011,0.8709046454767719,1.0,0.7045476639033801,0.8644783088579917,0.8784853524516372,0.9095959714598978,0.5432727272727267,0.5748663101604203,0.8695652173913042,,,1.0,0.0
2005-08-01,0.8804347826086962,0.8695652173913038,0.8695652173913038,0.8586956521739131,0.8694029850746263,0.8683206106870216,0.8641251221896384,0.0343199111568038,0.0415364853606824,0.0764090675709043,0.726790720888148,0.5815640036730958,337.2499999999993,0.8804347826086945,0.8728606356968207,0.727691959748654,0.7345521308886767,0.8676853517775163,0.8794513526862549,0.9092969742190372,0.5815640036730946,0.5748663101604281,0.8804347826086965,,,1.0,0.0
2005-09-01,0.8695652173913038,0.8804347826086962,0.8695652173913038,0.8369565217391299,0.8694029850746263,0.8721374045801511,0.8670576735092874,0.0343199111568038,1.4883129451082058e-12,0.0676349412187483,0.6737760444731489,0.6008842221608163,338.11956521739063,0.869565217391302,0.875305623471883,0.4865353812381272,0.6981933662597335,0.8686068494546948,0.8794768632781329,0.9085442887679012,0.6008842221608168,0.5147058823529371,0.8695652173913042,,,1.0,0.0
2005-10-01,0.8695652173913038,0.8695652173913038,0.8695652173913038,0.8478260869565224,0.8694029850746263,0.8721374045801511,0.8690127077223844,0.0343199111568038,1.4883129451082058e-12,0.0654024735188493,0.7002633468996896,0.5816221087966124,338.98913043478194,0.869565217391302,0.8767726161369183,0.1514445066156895,0.6979223186927435,0.8693865782584611,0.8795004841965399,0.9078211203932804,0.5816221087966129,0.5748663101604188,0.8695652173913042,,,1.0,0.0
2005-11-01,0.8586956521739131,0.8695652173913038,0.8804347826086962,0.8586956521739131,0.8619402985074629,0.8702290076335881,0.8690127077223844,0.0343199111567392,0.0161977239743559,0.0654024735188493,0.6737359729112371,0.5432727272727268,339.8478260869559,0.8586956521739113,0.8767726161369183,0.5867193159658655,0.6607051988068093,0.8682541947607687,0.8786534213474813,0.906660897970494,0.5432727272727267,0.647058823529407,0.8586956521739135,,,1.0,0.0
2005-12-01,0.8586956521739131,0.8586956521739131,0.8695652173913038,0.8478260869565224,0.8582089552238799,0.8683206106870216,0.8699902248289346,0.0343199111567099,0.0248899655642021,0.0599092918231885,0.7002633468996896,0.562447418034671,340.7065217391298,0.8586956521739113,0.8772616136919318,0.0,0.6659519696303704,0.8672960241088754,0.8778691038946507,0.905546174466248,0.5624474180346698,0.588235294117638,0.8586956521739135,,,1.0,0.0
2006-01-01,0.8586956521739131,0.8586956521739131,0.8695652173913038,0.8369565217391299,0.8544776119402995,0.8664122137404568,0.8719452590420333,0.0,0.0294936643231353,0.0372813048355843,0.7002633468996896,0.5816803905314549,341.56521739130375,0.8586956521739113,0.8777506112469435,0.0222677698507141,0.664356796439673,0.8664852643265037,0.8771428840309179,0.9044751656092264,0.5816803905314544,0.5147058823529371,0.8586956521739135,,,1.0,0.0
2006-02-01,0.8695652173913038,0.8586956521739131,0.8586956521739131,0.8478260869565224,0.8582089552238799,0.8645038167938921,0.8739002932551321,0.0343199111567099,0.0100762386771652,0.025881216039387,0.7268309138790346,0.5816221087966124,342.43478260869506,0.869565217391302,0.8777506112469435,0.9554092315497656,0.6861856462871323,0.8675913908422999,0.8773393923009687,0.9039115706918076,0.5816221087966129,0.6801470588235127,0.8695652173913042,,,1.0,0.0
2006-03-01,0.8804347826086962,0.8695652173913038,0.8586956521739131,0.8478260869565224,0.865671641791045,0.8664122137404568,0.8768328445747811,0.0594438298301059,0.0294936643231353,0.0159368632164556,0.726790720888148,0.6007967995585592,343.31521739130375,0.8804347826086953,0.8777506112469435,0.5710665168439846,0.7228235665304048,0.8703194980719315,0.878390278472672,0.9038354911281274,0.6007967995585587,0.8455882352941118,0.8804347826086965,,,1.0,0.0
2006-04-01,0.8695652173913038,0.8804347826086962,0.8586956521739131,0.8695652173913038,0.8694029850746254,0.8664122137404568,0.8768328445747793,0.0343199111568069,0.0294936643231353,0.0159368632164556,0.6737760444731489,0.5432727272727268,344.18478260869506,0.8695652173913038,0.8782396088019571,0.2965245173761559,0.6922494045451124,0.8708357424730471,0.8784943871544453,0.9032969814844778,0.5432727272727267,0.6801470588235127,0.8695652173913042,,,1.0,0.0
2006-05-01,0.8695652173913038,0.8695652173913038,0.8695652173913038,0.8695652173913038,0.8694029850746254,0.8683206106870216,0.8768328445747793,0.0343199111568069,0.0248899655642021,0.0159368632164556,0.7002633468996896,0.5432727272727268,345.05434782608637,0.8695652173913038,0.8801955990220041,0.6540744777450982,0.6828440035293326,0.8712725646586073,0.8785907840820144,0.9027795898660697,0.5432727272727267,0.6801470588235127,0.8695652173913042,,,1.0,0.0
2006-06-01,0.8804347826086962,0.8695652173913038,0.8804347826086962,0.8695652173913038,0.8694029850746263,0.8721374045801511,0.8778103616813304,0.0343199111568069,0.0248899655641587,0.0222676705625103,0.726790720888148,0.5623894008160296,345.93478260869506,0.8804347826086971,0.8836185819070899,0.4256566938086052,0.7082902549526295,0.8734343374549596,0.8795489745662328,0.90274790170732,0.5623894008160282,0.6092436974789909,0.8804347826086965,,,1.0,0.0
2006-07-01,0.8695652173913038,0.8804347826086962,0.8695652173913038,0.8695652173913038,0.8694029850746263,0.8740458015267167,0.8778103616813304,0.0343199111568069,0.0078131980001052,0.0222676705625103,0.6737760444731489,0.5432727272727268,346.80434782608637,0.8695652173913047,0.8875305623471874,1.0,0.6587943852980942,0.8734713757971475,0.8795672539077435,0.9022520426291925,0.5432727272727267,0.5147058823529371,0.8695652173913042,,,1.0,0.0
2006-08-01,0.8804347826086962,0.8695652173913038,0.8695652173913038,0.8804347826086962,0.8731343283582085,0.8759541984732815,0.8778103616813295,0.0343199111568392,0.0100762386769868,0.0222676705625103,0.726790720888148,0.5432727272727268,347.68478260869506,0.8804347826086989,0.8904645476772615,0.727691959748654,0.6860577980622935,0.8752948699568028,0.8804531132937594,0.902241042597379,0.5432727272727267,0.5882352941176449,0.8804347826086965,,,1.0,0.0
2006-09-01,0.8695652173913038,0.8804347826086962,0.8804347826086962,0.8695652173913038,0.8694029850746254,0.8740458015267167,0.8778103616813295,0.0343199111568026,0.0078131980001052,0.0222676705625103,0.6737760444731489,0.5432727272727268,348.55434782608637,0.8695652173913064,0.891442542787285,0.4865353812381272,0.6538213218142666,0.8750456725294748,0.8804044193961937,0.9017650603470928,0.5432727272727267,0.5147058823529371,0.8695652173913042,,,1.0,0.0
2006-10-01,0.8804347826086962,0.8695652173913038,0.8695652173913038,0.8695652173913038,0.8731343283582067,0.8759541984732815,0.8787878787878789,0.0343199111568392,0.0100762386769868,0.0271893753613557,0.726790720888148,0.5623894008160296,349.43478260869506,0.8804347826086998,0.8904645476772615,0.1514445066156895,0.6925392114720701,0.8766269671918483,0.8812282665238067,0.901773157659676,0.5623894008160282,0.5147058823529371,0.8804347826086965,,,1.0,0.0
2006-11-01,0.8913043478260869,0.8804347826086962,0.8804347826086962,0.8586956521739131,0.8768656716417906,0.879770992366411,0.8817204301075279,0.0594438298301632,0.0248899655640669,0.0357518868759767,0.7267506493262246,0.600709641873276,350.3260869565211,0.8913043478260896,0.8889975550122244,0.5867193159658655,0.7239449986808211,0.8797571397762756,0.8828600220080673,0.9022463510228568,0.6007096418732771,0.6470588235294032,0.8913043478260871,,,1.0,0.0
2006-12-01,0.9021739130434794,0.8913043478260869,0.8695652173913038,0.8586956521739131,0.888059701492538,0.8835877862595405,0.8856304985337253,0.0594438298302213,0.0549633373312755,0.052527184571115,0.7267106986438385,0.619855280073462,351.2282608695646,0.902173913043482,0.8875305623471874,0.0,0.7668833225292424,0.8841979013716728,0.8852398407855198,0.9031664013758308,0.6198552800734625,0.6951871657753945,0.9021739130434794,,,1.0,0.0
2007-01-01,0.9021739130434794,0.9021739130434794,0.8804347826086962,0.8586956521739131,0.8955223880597014,0.8893129770992365,0.8895405669599228,0.0343199111570391,0.0579986831681513,0.0575079447851782,0.7002633468996896,0.619855280073462,352.1304347826081,0.902173913043482,0.8860635696821504,0.0222677698507141,0.7706814427145723,0.8879554688754681,0.8874433766905696,0.9040503713228052,0.6198552800734625,0.7794117647058656,0.9021739130434794,,,1.0,0.0
2007-02-01,0.8913043478260869,0.9021739130434794,0.8913043478260869,0.8695652173913038,0.8955223880597014,0.8912213740458013,0.8914956011730215,0.0343199111570391,0.0549633373312199,0.056285825418282,0.6738558255045545,0.5815060743593269,353.0217391304342,0.8913043478260896,0.8836185819070899,0.9554092315497656,0.7346130685071799,0.889342795047031,0.8886147536439593,0.9044342621893922,0.581506074359327,0.6951871657753836,0.8913043478260871,,,1.0,0.0
2007-03-01,0.8804347826086962,0.8913043478260869,0.9021739130434794,0.8804347826086962,0.888059701492538,0.893129770992366,0.8914956011730197,0.0594438298302213,0.0351237166893882,0.056285825418282,0.6738159951555466,0.5432727272727268,353.9021739130429,0.8804347826086989,0.8811735941320293,0.5710665168439846,0.7133879973895176,0.888724532399011,0.8888304278643311,0.9043376849199234,0.5432727272727267,0.6249999999999913,0.8804347826086965,,,1.0,0.0
2007-04-01,0.8478260869565224,0.8804347826086962,0.9021739130434794,0.8695652173913038,0.8694029850746263,0.8874045801526718,0.8895405669599228,0.123742199431651,0.1056632849554601,0.0833826874260472,0.620801439620077,0.5050393801861295,354.7499999999994,0.8478260869565251,0.8787286063569688,0.2965245173761559,0.6262699561653235,0.8828249250095848,0.8864233240071142,0.9028486542175472,0.5050393801861291,0.4201680672268968,0.8478260869565227,,,1.0,0.0
2007-05-01,0.8586956521739131,0.8478260869565224,0.8913043478260869,0.8695652173913038,0.8582089552238799,0.8816793893129766,0.8885630498533743,0.0908019499294604,0.1220475268034317,0.0915982773175237,0.7268712288516899,0.5241560537294281,355.6086956521733,0.8586956521739157,0.875305623471883,0.6540744777450982,0.6639836943447683,0.8796251035501816,0.8850634582091246,0.9018834304683176,0.5241560537294279,0.4201680672268891,0.8586956521739135,,,1.0,0.0
2007-06-01,0.8586956521739131,0.8586956521739131,0.8804347826086962,0.8804347826086962,0.8507462686567155,0.8740458015267176,0.8866080156402738,0.0343199111566971,0.1125666350416843,0.1004184716306581,0.7002633468996896,0.505097134486861,356.46739130434725,0.8586956521739157,0.8718826405867972,0.4256566938086052,0.6759718539635067,0.8769175623153007,0.8838043232109865,0.9009560586308228,0.5050971344868614,0.4638009049773762,0.8586956521739135,,,1.0,0.0
2007-07-01,0.8586956521739131,0.8586956521739131,0.8478260869565224,0.8695652173913038,0.8544776119402995,0.8664122137404568,0.8856304985337253,0.0,0.079273595448677,0.1064913486022479,0.7002633468996896,0.5241560537294281,357.3260869565212,0.8586956521739157,0.8689486552567249,1.0,0.6775979993663981,0.8746265658857872,0.8826384574719688,0.9000650543163671,0.5241560537294279,0.4638009049773762,0.8586956521739135,,,1.0,0.0
2007-08-01,0.8369565217391299,0.8586956521739131,0.8586956521739131,0.8804347826086962,0.8470149253731334,0.8568702290076331,0.8817204301075279,0.0686398223074274,0.066530749722686,0.1336060233972413,0.6471282129409976,0.4669215417009966,358.1630434782603,0.8369565217391326,0.8665036674816626,0.727691959748654,0.6226775029765435,0.8691037223975133,0.8798210840184559,0.8982781641630382,0.4669215417009962,0.3256302521008393,0.8369565217391306,,,1.0,0.0
2007-09-01,0.8586956521739131,0.8369565217391299,0.8586956521739131,0.8695652173913038,0.8470149253731334,0.8530534351145036,0.8807429130009776,0.0686398223074274,0.0309503609223063,0.1368812719259884,0.7535599858248224,0.5241560537294281,359.02173913043424,0.8586956521739157,0.8645476772616139,0.4865353812381272,0.6955050184564335,0.8680148551861206,0.8789502730344418,0.8974921753179084,0.5241560537294279,0.4705882352941172,0.8586956521739135,,,1.0,0.0
2007-10-01,0.8369565217391299,0.8586956521739131,0.8586956521739131,0.8804347826086962,0.83955223880597,0.8511450381679371,0.8768328445747793,0.0686398223074097,0.0451200603206568,0.1538532333258742,0.6471282129409976,0.4669215417009966,359.85869565217337,0.8369565217391326,0.8640586797066021,0.1514445066156895,0.6358646897880753,0.8635091979593348,0.8764060984281539,0.8958061823802046,0.4669215417009962,0.3492647058823498,0.8369565217391306,,,1.0,0.0
2007-11-01,0.8586956521739131,0.8369565217391299,0.8369565217391299,0.8913043478260869,0.8470149253731334,0.8511450381679388,0.8739002932551321,0.0686398223074274,0.0451200603206568,0.1457197195850989,0.7535599858248224,0.4860957082133549,360.7173913043473,0.8586956521739157,0.8645476772616139,0.5867193159658655,0.6943779473569727,0.8632810268153541,0.8757882493397178,0.8951171339971458,0.4860957082133552,0.4757785467128015,0.8586956521739135,,,1.0,0.0
2007-12-01,0.8586956521739131,0.8586956521739131,0.8586956521739131,0.9021739130434794,0.8470149253731334,0.8511450381679388,0.8699902248289364,0.0686398223074274,0.0451200603206568,0.120606123631255,0.7002633468996896,0.4671515151515136,361.57608695652124,0.8586956521739157,0.8655256723716374,0.0,0.6982816765902307,0.863087958924293,0.8752161668504232,0.8944551071193052,0.4671515151515134,0.4319852941176427,0.8586956521739135,,,1.0,0.0
2008-01-01,0.8804347826086962,0.8586956521739131,0.8369565217391299,0.9021739130434794,0.8619402985074629,0.8549618320610683,0.8680351906158359,0.0686398223074652,0.0792735954487442,0.0936319211575689,0.7533984808583835,0.5052121212121202,362.4565217391299,0.8804347826086989,0.8665036674816626,0.0222677698507141,0.760077570427768,0.8665089018336181,0.8764243289814271,0.8947498692643494,0.5052121212121201,0.4757785467128015,0.8804347826086965,,,1.0,0.0
2008-02-01,0.8586956521739131,0.8804347826086962,0.8586956521739131,0.8913043478260869,0.8619402985074629,0.8587786259541978,0.8651026392961869,0.0686398223074652,0.0618891122690262,0.0676349412187243,0.6472887420466119,0.4860957082133549,363.31521739130386,0.8586956521739157,0.8684596577017114,0.9554092315497656,0.6794464562590363,0.8658192377859013,0.8758051294816358,0.8941022449250493,0.4860957082133552,0.367647058823525,0.8586956521739135,,,1.0,0.0
2008-03-01,0.8695652173913038,0.8586956521739131,0.8586956521739131,0.8804347826086962,0.8656716417910433,0.8606870229007626,0.8641251221896384,0.0594438298301066,0.0665307497226598,0.0562858254177593,0.7268309138790346,0.5241849308797925,364.1847826086952,0.8695652173913064,0.8699266503667484,0.5710665168439846,0.712073347754437,0.8670278299233285,0.8761007306812632,0.8939454312109323,0.5241849308797927,0.4102167182662468,0.8695652173913042,,,1.0,0.0
2008-04-01,0.8478260869565224,0.8695652173913038,0.8804347826086962,0.8478260869565224,0.8544776119402995,0.8625954198473273,0.8641251221896384,0.0594438298300759,0.0451200603205569,0.0562858254177593,0.6472085989227846,0.5432727272727268,365.0326086956517,0.8478260869565251,0.8709046454767719,0.2965245173761559,0.6477680785718078,0.8644661767609296,0.8746365673561254,0.8928639398696934,0.5432727272727267,0.3823529411764691,0.8478260869565227,,,1.0,0.0
2008-05-01,0.8695652173913038,0.8478260869565224,0.8586956521739131,0.8586956521739131,0.8582089552238799,0.8645038167938921,0.8651026392961869,0.0686398223074533,0.0462769312415893,0.0607956836674184,0.7534791108036863,0.5624183654729099,365.902173913043,0.8695652173913064,0.8713936430317855,0.6540744777450982,0.7070921095171627,0.8658829321329691,0.8750187287131981,0.8927556871381395,0.5624183654729092,0.4831932773109175,0.8695652173913042,,,1.0,0.0
2008-06-01,0.8695652173913038,0.8695652173913038,0.8695652173913038,0.8586956521739131,0.8582089552238799,0.8664122137404568,0.8660801564027372,0.0686398223074533,0.0451200603205253,0.0645535201601944,0.7002633468996896,0.5624183654729099,366.7717391304343,0.8695652173913064,0.8699266503667484,0.4256566938086052,0.7137106183223629,0.8670817251400784,0.8753725818215994,0.8926516796117454,0.5624183654729092,0.5882352941176392,0.8695652173913042,,,1.0,0.0
2008-07-01,0.8695652173913038,0.8695652173913038,0.8478260869565224,0.8586956521739131,0.865671641791045,0.8645038167938921,0.8670576735092856,0.0,0.030950360922183,0.0676349412187594,0.7002633468996896,0.5624183654729099,367.6413043478256,0.8695652173913064,0.8665036674816626,1.0,0.7166917013347209,0.8680960884537869,0.8757002235886375,0.892551750811875,0.5624183654729092,0.5536332179930734,0.8695652173913042,,,1.0,0.0
2008-08-01,0.8695652173913038,0.8695652173913038,0.8695652173913038,0.8369565217391299,0.865671641791045,0.8664122137404568,0.8699902248289346,0.0,0.0294936643231264,0.0525271845708195,0.7002633468996896,0.6008842221608163,368.5108695652169,0.8695652173913064,0.8630806845965768,0.727691959748654,0.7292142443478156,0.868954395873077,0.8760035955951544,0.8924557407884706,0.6008842221608168,0.5536332179930734,0.8695652173913042,,,1.0,0.0
2008-09-01,0.8586956521739131,0.8695652173913038,0.8695652173913038,0.8586956521739131,0.8619402985074629,0.8645038167938921,0.8699902248289346,0.0343199111567551,0.030950360922183,0.0525271845708195,0.6737359729112371,0.5432727272727268,369.36956521739086,0.8586956521739157,0.859657701711491,0.4865353812381272,0.7090046157087357,0.8678885019731357,0.8754155615313843,0.891898082271755,0.5432727272727267,0.5147058823529371,0.8586956521739135,,,1.0,0.0
2008-10-01,0.8586956521739131,0.8586956521739131,0.8695652173913038,0.8369565217391299,0.8582089552238799,0.8664122137404568,0.8719452590420333,0.0343199111567404,0.0078131980002214,0.0276201583124986,0.7002633468996896,0.5816803905314549,370.2282608695648,0.8586956521739157,0.856234718826407,0.1514445066156895,0.7222391829112489,0.8669865917501092,0.8748710855464132,0.8913622927164786,0.5816803905314544,0.5974264705882331,0.8586956521739135,,,1.0,0.0
2008-11-01,0.8478260869565224,0.8586956521739131,0.8695652173913038,0.8586956521739131,0.8507462686567155,0.8625954198473273,0.8709677419354831,0.0343199111567112,0.0294936643231664,0.0369016431769229,0.6736957799203446,0.5241270890725437,371.0760869565213,0.8478260869565251,0.853300733496333,0.5867193159658655,0.6930330900600694,0.8644312829220508,0.8734980070460789,0.8903821009240422,0.5241270890725441,0.4705882352941155,0.8478260869565227,,,1.0,0.0
2008-12-01,0.8369565217391299,0.8478260869565224,0.8586956521739131,0.8586956521739131,0.8432835820895521,0.8568702290076331,0.8690127077223861,0.0594438298300559,0.0549633373314682,0.0584150140537185,0.6736554649476874,0.5049814508723592,371.9130434782604,0.8369565217391326,0.8493887530562354,0.0,0.6780068388615526,0.8604769445051224,0.8713577039944838,0.8889749344331559,0.5049814508723588,0.5147058823529371,0.8369565217391306,,,1.0,0.0
2009-01-01,0.8260869565217392,0.8369565217391299,0.8586956521739131,0.8804347826086962,0.8320895522388065,0.8492366412213741,0.8641251221896384,0.0594438298300358,0.076847254693033,0.0764090675709118,0.6736150274371251,0.4478337453080651,372.73913043478217,0.8260869565217419,0.8444987775061126,0.0222677698507141,0.6588069056239085,0.8553388118206868,0.8685070078398702,0.8871575373496441,0.4478337453080649,0.3619909502262389,0.8260869565217399,,,1.0,0.0
2009-02-01,0.8369565217391299,0.8260869565217392,0.8478260869565224,0.8586956521739131,0.8283582089552226,0.8435114503816799,0.8621700879765406,0.0343199111566386,0.0579986831684765,0.0853063747474758,0.7269522269702624,0.5049814508723592,373.5760869565213,0.8369565217391326,0.8381418092909545,0.9554092315497656,0.6983638404701971,0.8527833151116591,0.8667364084331801,0.8858768243322643,0.5049814508723588,0.4201680672268835,0.8369565217391306,,,1.0,0.0
2009-03-01,0.8152173913043477,0.8369565217391299,0.8369565217391299,0.8695652173913038,0.8208955223880592,0.8358778625954191,0.8572825024437929,0.0594438298300179,0.0726753858930424,0.1103410700772741,0.6469667079745568,0.4476893595562278,374.39130434782567,0.8152173913043494,0.8303178484107594,0.5710665168439846,0.6593477200250817,0.8470366636945688,0.8633590963984874,0.8837155081702432,0.4476893595562273,0.2310924369747759,0.8152173913043477,,,1.0,0.0
2009-04-01,0.8260869565217392,0.8152173913043477,0.8260869565217392,0.8478260869565224,0.8208955223880592,0.8301526717557248,0.8553274682306942,0.0594438298300179,0.0462769312418866,0.1211681495260681,0.7269929112386685,0.5049233457488385,375.2173913043474,0.8260869565217419,0.8210268948655255,0.2965245173761559,0.7207282222953815,0.8439662665194492,0.8611008896954289,0.8821043630970413,0.5049233457488378,0.3619909502262389,0.8260869565217399,,,1.0,0.0
2009-05-01,0.8260869565217392,0.8260869565217392,0.8369565217391299,0.8695652173913038,0.817164179104477,0.8263358778625935,0.8514173998044967,0.0343199111566106,0.0248899655646981,0.119665138964112,0.7002633468996896,0.4668060330995293,376.04347826086916,0.8260869565217419,0.8117359413202934,0.6540744777450982,0.7425358200590821,0.8413682381405021,0.8590099575629662,0.8805564001835728,0.4668060330995288,0.2941176470588206,0.8260869565217399,,,1.0,0.0
2009-06-01,0.8260869565217392,0.8260869565217392,0.8152173913043477,0.8695652173913038,0.820895522388061,0.8244274809160306,0.8475073313782984,0.0,0.0161977239750022,0.1119336714599,0.7002633468996896,0.4668060330995293,376.8695652173909,0.8260869565217419,0.801466992665036,0.4256566938086052,0.7737416384536147,0.839169906435238,0.8570739092921693,0.8790691416980838,0.4668060330995288,0.3823529411764637,0.8260869565217399,,,1.0,0.0
2009-07-01,0.804347826086957,0.8260869565217392,0.8260869565217392,0.8695652173913038,0.8134328358208949,0.8206106870229011,0.841642228739004,0.0686398223073841,0.0451200603209332,0.1166170692093843,0.6468855867585382,0.4285726860129292,377.67391304347785,0.8043478260869588,0.7911980440097803,1.0,0.7306099173360217,0.8337254715597942,0.8535434038647853,0.8767093798902312,0.4285726860129285,0.1176470588235313,0.804347826086957,,,1.0,0.0
2009-08-01,0.7934782608695663,0.804347826086957,0.8260869565217392,0.8695652173913038,0.8022388059701484,0.8129770992366421,0.8347996089931575,0.0908019499293892,0.061889112269365,0.1206061236308446,0.6734929740655404,0.4094560124696291,378.4673913043474,0.7934782608695681,0.78239608801956,0.727691959748654,0.7255509647764313,0.8273264880258449,0.8494054832881446,0.87397674416885,0.4094560124696297,0.0935828877005376,0.7934782608695662,,,1.0,0.0
2009-09-01,0.7608695652173907,0.7934782608695663,0.8260869565217392,0.8586956521739131,0.7798507462686564,0.8034351145038165,0.8260019550342133,0.1237421994315651,0.1439932739065059,0.171787944166167,0.6198294285218503,0.3709619834710733,379.2282608695648,0.7608695652173925,0.7745721271393631,0.4865353812381272,0.651881946437662,0.8165355014252471,0.8429672731373987,0.869955029855813,0.3709619834710726,0.0420168067226896,0.760869565217391,,,1.0,0.0
2009-10-01,0.75,0.7608695652173907,0.804347826086957,0.8586956521739131,0.7611940298507474,0.7900763358778633,0.8162267839687205,0.1237421994315507,0.1848179434254579,0.2087441173688015,0.6733284863676354,0.3518163452708903,379.9782608695648,0.7500000000000018,0.7687041564792167,0.1514445066156895,0.6392225752163689,0.8056125125853981,0.8361370333724585,0.865625616237292,0.35181634527089,0.0294117647058835,0.7500000000000003,,,1.0,0.0
2009-11-01,0.75,0.75,0.7934782608695663,0.8478260869565224,0.746268656716417,0.7767175572519092,0.8074291300097753,0.0343199111563935,0.1819576030805366,0.2309005322132659,0.7002633468996896,0.3707005104152279,380.7282608695648,0.7500000000000018,0.7623471882640578,0.5867193159658655,0.6520606880509021,0.7963699835670655,0.8298127372938104,0.8614659835449885,0.3707005104152279,0.0420168067226896,0.7500000000000003,,,1.0,0.0
2009-12-01,0.7065217391304346,0.75,0.7608695652173907,0.8369565217391299,0.7276119402985071,0.7557251908396934,0.7956989247311821,0.1372796446117965,0.2034876161977021,0.3025832899549543,0.5923581517835752,0.3128267477203633,381.43478260869523,0.7065217391304355,0.7530562347188248,0.0,0.5531976106535517,0.7813807659941849,0.8204811713121423,0.8556078193342858,0.3128267477203635,0.0,0.7065217391304345,,,1.0,0.0
2010-01-01,0.7282608695652169,0.7065217391304346,0.75,0.8260869565217392,0.7201492537313436,0.7423664122137401,0.7869012707722396,0.1188876596565654,0.1665893017746343,0.3236395657450905,0.7545500162692513,0.3701751764217504,382.1630434782604,0.7282608695652186,0.74327628361858,0.0222677698507141,0.6459681693144219,0.7722818899419703,0.8135787005798356,0.8509102142379525,0.37017517642175,0.1315789473684201,0.7282608695652174,,,1.0,0.0
2010-02-01,0.7391304347826093,0.7282608695652169,0.75,0.8369565217391299,0.7164179104477615,0.7328244274809146,0.7781036168132944,0.0908019499292841,0.0997410977003452,0.3120951505620964,0.7273229058601365,0.370438242608457,382.90217391304304,0.7391304347826111,0.7354523227383867,0.9554092315497656,0.6902997848344299,0.7663749949986691,0.8080564580456526,0.8468622425415884,0.3704382426084563,0.2012383900928833,0.7391304347826096,,,1.0,0.0
2010-03-01,0.7391304347826093,0.7391304347826093,0.7065217391304346,0.8152173913043477,0.7276119402985071,0.7290076335877851,0.7712609970674507,0.0343199111563148,0.0792735954496106,0.3078114078909841,0.7002633468996896,0.408436067997045,383.64130434782567,0.7391304347826111,0.7295843520782386,0.5710665168439846,0.7110983806961677,0.7613768531235685,0.8029432705140005,0.8429730148333157,0.4084360679970451,0.2205882352941204,0.7391304347826096,,,1.0,0.0
2010-04-01,0.7717391304347831,0.7391304347826093,0.7282608695652169,0.8260869565217392,0.7425373134328366,0.7328244274809146,0.766373411534703,0.1029597334593805,0.1149951921466307,0.2769993355163405,0.7813169410739629,0.4471074212444063,384.4130434782605,0.7717391304347849,0.724205378973104,0.2965245173761559,0.8282366889107244,0.7625241182242011,0.8008156398237363,0.8406325466355105,0.4471074212444069,0.316176470588237,0.7717391304347833,,,1.0,0.0
2010-05-01,0.7391304347826093,0.7717391304347831,0.7391304347826093,0.8260869565217392,0.7425373134328366,0.7309160305343516,0.7585532746823072,0.1029597334593805,0.110717615232926,0.2410643535083856,0.6195826987108792,0.3894082376274151,385.1521739130431,0.7391304347826111,0.719315403422983,0.6540744777450982,0.7390564201939007,0.7581184189297874,0.7962388091974129,0.8369876207274771,0.3894082376274156,0.2941176470588267,0.7391304347826096,,,1.0,0.0
2010-06-01,0.7065217391304346,0.7391304347826093,0.7391304347826093,0.8260869565217392,0.7313432835820892,0.7309160305343516,0.747800586510265,0.1783314894840013,0.110717615232926,0.2067787766435084,0.6192097527254105,0.3317090540104211,385.85869565217354,0.7065217391304355,0.7158924205378971,0.4256566938086052,0.6522597347136063,0.7490140574549509,0.7893942008525148,0.8320893923135388,0.3317090540104216,0.1982097186700755,0.7065217391304345,,,1.0,0.0
2010-07-01,0.7065217391304346,0.7065217391304346,0.7717391304347831,0.804347826086957,0.7089552238805963,0.7270992366412221,0.7390029325513208,0.1029597334593707,0.1336572253338497,0.1798052235753111,0.7002633468996896,0.3696466342817473,386.565217391304,0.7065217391304355,0.7114914425427878,1.0,0.658170810246915,0.7413103669762418,0.7830566005331656,0.8273832512883832,0.369646634281747,0.1982097186700755,0.7065217391304345,,,1.0,0.0
2010-08-01,0.7173913043478262,0.7065217391304346,0.7391304347826093,0.7934782608695663,0.7014925373134311,0.7232824427480926,0.7321603128054743,0.0343199111563002,0.1378682631636497,0.1382427665432763,0.7274066815844743,0.4080237234732641,387.2826086956518,0.7173913043478288,0.7046454767726145,0.727691959748654,0.7135342323561567,0.7365840136720614,0.7780573861591273,0.8233270784055016,0.4080237234732635,0.2389705882352954,0.7173913043478267,,,1.0,0.0
2010-09-01,0.7065217391304346,0.7173913043478262,0.7065217391304346,0.7608695652173907,0.7014925373134311,0.7175572519083966,0.7272727272727284,0.0343199111563002,0.1454910306576329,0.135681526792382,0.6731619648187481,0.4462211050598136,387.9891304347822,0.7065217391304373,0.6973105134474329,0.4865353812381272,0.7038660715732767,0.730792637621489,0.7725595498911382,0.8189645575336026,0.4462211050598141,0.2557544757033251,0.7065217391304345,,,1.0,0.0
2010-10-01,0.6847826086956532,0.7065217391304346,0.7065217391304346,0.75,0.6940298507462668,0.7022900763358786,0.7214076246334313,0.0908019499292871,0.0884809929675642,0.1571069919731401,0.6459766775301319,0.4266316083916088,388.67391304347785,0.684782608695655,0.6889975550122243,0.1514445066156895,0.6648600112465637,0.7223079344538608,0.7657310926145042,0.8138422887270416,0.4266316083916088,0.2389705882352954,0.6847826086956531,,,1.0,0.0
2010-11-01,0.7065217391304346,0.6847826086956532,0.7173913043478262,0.75,0.6902985074626855,0.6965648854961826,0.7174975562072339,0.0686398223072271,0.0415364853624686,0.1495897102789226,0.7547186084101452,0.4655119813519791,389.3804347826083,0.7065217391304355,0.6801955990220039,0.5867193159658655,0.7511251450542566,0.7187128782830117,0.7611463151275997,0.8098517203915518,0.4655119813519796,0.3708439897698184,0.7065217391304345,,,1.0,0.0
2010-12-01,0.6739130434782608,0.7065217391304346,0.7065217391304346,0.7065217391304346,0.6791044776119399,0.6908396946564883,0.7145650048875849,0.0908019499292871,0.0792735954498721,0.1785584926612999,0.6188333428453491,0.4845910498170562,390.05434782608654,0.6739130434782616,0.6733496332518341,0.0,0.6775657348976054,0.7102944456050375,0.7542943485784601,0.8046214041551556,0.4845910498170559,0.3294117647058796,0.6739130434782609,,,1.0,0.0
2011-01-01,0.6630434782608701,0.6739130434782608,0.6847826086956532,0.7282608695652169,0.6716417910447756,0.6832061068702275,0.7086999022482914,0.1237421994315045,0.1125666350426699,0.212629743410899,0.6729933714621052,0.4262716049382719,390.7173913043474,0.663043478260871,0.6674816625916877,0.0222677698507141,0.6606873759218246,0.7013790023920246,0.7470810010372313,0.799130784767133,0.4262716049382721,0.3110859728506773,0.6630434782608702,,,1.0,0.0
2011-02-01,0.6521739130434776,0.6630434782608701,0.7065217391304346,0.7391304347826093,0.6529850746268648,0.6717557251908381,0.7008797653958929,0.0594438298298464,0.1197337849623557,0.2400860833637066,0.6729508948648453,0.3875116029322472,391.3695652173909,0.6521739130434785,0.6616136919315396,0.9554092315497656,0.6335629811617522,0.6920430118032099,0.7395330414662888,0.7933900701942145,0.3875116029322472,0.3708439897698184,0.6521739130434779,,,1.0,0.0
2011-03-01,0.6630434782608701,0.6521739130434776,0.6739130434782608,0.7391304347826093,0.6492537313432818,0.6641221374045791,0.6940371456500491,0.0343199111563283,0.0997410977007417,0.2423635248594348,0.7276184080640739,0.4069817434748087,392.0326086956518,0.663043478260871,0.6567237163814168,0.5710665168439846,0.6849637147601548,0.6859354814827858,0.7334131240815163,0.7883398952752483,0.4069817434748085,0.3342245989304813,0.6630434782608702,,,1.0,0.0
2011-04-01,0.6630434782608701,0.6630434782608701,0.6630434782608701,0.7717391304347831,0.6492537313432827,0.6603053435114496,0.6842619745845555,0.0343199111563283,0.097020061126954,0.1820046934710316,0.7002633468996896,0.3494671872095176,392.69565217391266,0.663043478260871,0.653300733496331,0.2965245173761559,0.6977564591060563,0.6807675712116588,0.7277465339104303,0.7834877664315361,0.3494671872095178,0.2941176470588206,0.6630434782608702,,,1.0,0.0
2011-05-01,0.6521739130434776,0.6630434782608701,0.6521739130434776,0.7391304347826093,0.6492537313432827,0.6507633587786241,0.6764418377321597,0.0343199111563283,0.0248899655671614,0.1589429236252632,0.6729508948648453,0.3875116029322472,393.34782608695616,0.6521739130434785,0.6493887530562334,0.6540744777450982,0.6715394868149964,0.6746025700352085,0.7216307570896214,0.7783605035580532,0.3875116029322472,0.2740641711229903,0.6521739130434779,,,1.0,0.0
2011-06-01,0.6413043478260869,0.6521739130434776,0.6630434782608701,0.7065217391304346,0.6417910447761175,0.6450381679389317,0.6705767350928635,0.0594438298298517,0.0294936643259243,0.1713577350179305,0.6729082857353093,0.4259093723613856,393.9891304347822,0.6413043478260878,0.6454767726161359,0.4256566938086052,0.6518865311137603,0.6675938765542542,0.715099066704254,0.7729688962245946,0.4259093723613852,0.1176470588235295,0.6413043478260873,,,1.0,0.0
2011-07-01,0.6413043478260869,0.6413043478260869,0.6630434782608701,0.7065217391304346,0.6343283582089541,0.6412213740458022,0.66471163245357,0.0343199111563405,0.0351237166922413,0.1730734685659472,0.7002633468996896,0.4259093723613856,394.6304347826083,0.6413043478260878,0.6415647921760383,1.0,0.6565265462323495,0.6616634436088322,0.7090512052363209,0.7677887244728412,0.4259093723613852,0.1643598615916945,0.6413043478260873,,,1.0,0.0
2011-08-01,0.6521739130434776,0.6413043478260869,0.6521739130434776,0.7173913043478262,0.6343283582089541,0.6412213740458022,0.658846529814272,0.0343199111563405,0.0351237166922413,0.1417693573335013,0.7276611503471384,0.4260907685822655,395.2826086956518,0.6521739130434785,0.6376528117359408,0.727691959748654,0.7040294245499332,0.6584375389866635,0.7043202675765565,0.7632771103036209,0.4260907685822655,0.2941176470588206,0.6521739130434779,,,1.0,0.0
2011-09-01,0.6630434782608701,0.6521739130434776,0.6413043478260869,0.7065217391304346,0.6417910447761175,0.6412213740458022,0.6549364613880746,0.0594438298298517,0.0351237166922413,0.1097396060116811,0.7276184080640739,0.4650304906651669,395.94565217391266,0.663043478260871,0.634229828850855,0.4865353812381272,0.7498467340763035,0.657500081407246,0.7008087038132471,0.7594078357725227,0.4650304906651666,0.3492647058823542,0.6630434782608702,,,1.0,0.0
2011-10-01,0.6521739130434776,0.6630434782608701,0.6413043478260869,0.6847826086956532,0.6455223880597014,0.6393129770992356,0.6520039100684265,0.0343199111563313,0.0248899655673327,0.1004184716278013,0.6729508948648453,0.4844088085827192,396.59782608695616,0.6521739130434785,0.6298288508557457,0.1514445066156895,0.7327923344380771,0.6549146940468598,0.6966883218144515,0.7552248839052753,0.4844088085827188,0.2665441176470539,0.6521739130434779,,,1.0,0.0
2011-11-01,0.6521739130434776,0.6521739130434776,0.6521739130434776,0.7065217391304346,0.6455223880597014,0.6393129770992356,0.6471163245356788,0.0343199111563313,0.0248899655673327,0.0357518868708445,0.7002633468996896,0.4454699315132749,397.24999999999966,0.6521739130434785,0.6254278728606364,0.5867193159658655,0.7404347465121148,0.65272705858807,0.6928731532970493,0.7512059693661559,0.4454699315132745,0.2941176470588206,0.6521739130434779,,,1.0,0.0
2011-12-01,0.6413043478260869,0.6521739130434776,0.6630434782608701,0.6739130434782608,0.6380597014925371,0.6393129770992356,0.6441837732160316,0.0343199111563374,0.0248899655673327,0.0271893753556264,0.6729082857353093,0.4843172628304822,397.8913043478257,0.6413043478260878,0.6224938875305623,0.0,0.7220017619706134,0.6490838284066767,0.6884716557852055,0.7468792457264959,0.484317262830482,0.3256302521008354,0.6413043478260873,,,1.0,0.0
2012-01-01,0.6086956521739131,0.6413043478260869,0.6521739130434776,0.6630434782608701,0.6231343283582076,0.6335877862595414,0.6392961876832848,0.1237421994315215,0.0970200611271257,0.0794458014840856,0.6180699365573393,0.4448605682998208,398.49999999999966,0.608695652173914,0.6200488997555018,0.0222677698507141,0.628416902967313,0.6406246331043954,0.681789392916679,0.7413259567468788,0.44486056829982,0.1176470588235351,0.6086956521739136,,,1.0,0.0
2012-02-01,0.6195652173913038,0.6086956521739131,0.6521739130434776,0.6521739130434776,0.611940298507462,0.627862595419848,0.6363636363636376,0.090801949929322,0.1107176152334876,0.0969563884094814,0.7277901823884919,0.4841333144234854,399.11956521739097,0.6195652173913047,0.6156479217603916,0.9554092315497656,0.6638928558914685,0.63525900648796,0.6764710465526624,0.7364558573979467,0.4841333144234859,0.2601809954751128,0.6195652173913043,,,1.0,0.0
2012-03-01,0.6195652173913038,0.6195652173913038,0.6413043478260869,0.6630434782608701,0.6044776119402977,0.6202290076335872,0.6324535679374401,0.0343199111563981,0.0949402417725954,0.102118867760878,0.7002633468996896,0.4645430000944,399.7391304347823,0.6195652173913047,0.6097799511002444,0.5710665168439846,0.6849289655698563,0.6307188608894378,0.6715466517711661,0.7317767423372086,0.4645430000944002,0.2941176470588206,0.6195652173913043,,,1.0,0.0
2012-04-01,0.6086956521739131,0.6195652173913038,0.6086956521739131,0.6630434782608701,0.6044776119402977,0.6125954198473282,0.6275659824046915,0.0343199111563981,0.0892160446733334,0.1113383528274143,0.6727796569210569,0.4448605682998208,400.3478260869562,0.608695652173914,0.6053789731051342,0.2965245173761559,0.6670778052595239,0.6250850452051928,0.6661180929036794,0.7268157083924649,0.44486056829982,0.2941176470588259,0.6086956521739136,,,1.0,0.0
2012-05-01,0.6086956521739131,0.6086956521739131,0.6195652173913038,0.6521739130434776,0.6007462686567164,0.6049618320610683,0.623655913978495,0.0343199111564084,0.0549633373337495,0.1206061236286522,0.7002633468996896,0.4644201768070735,400.95652173913015,0.608695652173914,0.6014669926650367,0.6540744777450982,0.674216287533639,0.6203179703954467,0.661091649507858,0.7220492247984955,0.4644201768070733,0.213903743315504,0.6086956521739136,,,1.0,0.0
2012-06-01,0.6195652173913038,0.6086956521739131,0.6195652173913038,0.6413043478260869,0.6007462686567164,0.6011450381679388,0.6217008797653962,0.0343199111564084,0.0100762386822279,0.1228429045033774,0.7277901823884919,0.5037848484848474,401.57608695652146,0.6195652173913047,0.59755501222494,0.4256566938086052,0.7214815465054585,0.6180764457342347,0.6573064693222719,0.7179350757220497,0.5037848484848473,0.2941176470588156,0.6195652173913043,,,1.0,0.0
2012-07-01,0.6086956521739131,0.6195652173913038,0.6086956521739131,0.6413043478260869,0.6007462686567164,0.6011450381679388,0.618768328445749,0.0343199111564084,0.0100762386822279,0.1299144846925344,0.6727796569210569,0.4840409090909091,402.1847826086954,0.608695652173914,0.596088019559903,1.0,0.685684327227051,0.6143876169969431,0.6529327387843322,0.7135168522328028,0.484040909090909,0.2941176470588206,0.6086956521739136,,,1.0,0.0
2012-08-01,0.5869565217391299,0.6086956521739131,0.6086956521739131,0.6521739130434776,0.5932835820895521,0.5954198473282437,0.612903225806452,0.0908019499293399,0.0496461416769808,0.1462077624385607,0.645209675922081,0.4249939015742454,402.7717391304345,0.5869565217391308,0.5941320293398542,0.727691959748654,0.6272571303870897,0.6076819923251673,0.6471451201466323,0.7083410652252615,0.4249939015742452,0.2601809954751072,0.5869565217391307,,,1.0,0.0
2012-09-01,0.5978260869565215,0.5869565217391299,0.6195652173913038,0.6630434782608701,0.5858208955223878,0.5916030534351142,0.6070381231671558,0.0594438298299193,0.0451200603233417,0.1255975312730414,0.7278768810829473,0.4251781365052387,403.369565217391,0.5978260869565233,0.5897310513447449,0.4865353812381272,0.6760751945559349,0.6038001562422375,0.6426551480704186,0.7038336638495011,0.4251781365052384,0.3256302521008358,0.5978260869565222,,,1.0,0.0
2012-10-01,0.6195652173913038,0.5978260869565215,0.6086956521739131,0.6521739130434776,0.58955223880597,0.593511450381679,0.6041055718475068,0.0908019499293427,0.0549633373338653,0.1014835396804835,0.7554035802530469,0.4841333144234854,403.98913043478234,0.6195652173913047,0.5858190709046456,0.1514445066156895,0.7582040329941364,0.6040998337584416,0.6402356346579756,0.7004338504965455,0.4841333144234859,0.3823529411764672,0.6195652173913043,,,1.0,0.0
2012-11-01,0.5978260869565215,0.6195652173913038,0.5869565217391299,0.6521739130434776,0.5932835820895521,0.5916030534351142,0.5992179863147609,0.0686398223072979,0.0579986831707108,0.0719716137961081,0.6452959669424241,0.4447070391906588,404.58695652173884,0.5978260869565233,0.5828850855745715,0.5867193159658655,0.6945306695222087,0.6007690989934691,0.6362574763216617,0.6962365359728917,0.4447070391906593,0.2665441176470515,0.5978260869565222,,,1.0,0.0
2012-12-01,0.6086956521739131,0.5978260869565215,0.5978260869565215,0.6413043478260869,0.5970149253731334,0.5896946564885495,0.5962854349951137,0.0594438298298982,0.0462769312443692,0.0417069761205497,0.7278334635763682,0.4840409090909091,405.1956521739128,0.608695652173914,0.5794621026894866,0.0,0.7445585946134621,0.5997429389855267,0.6334429304504354,0.6926692356110626,0.484040909090909,0.3492647058823497,0.6086956521739136,,,1.0,0.0
2013-01-01,0.6086956521739131,0.6086956521739131,0.6195652173913038,0.6086956521739131,0.5932835820895521,0.5896946564885495,0.5962854349951119,0.0343199111564283,0.0462769312443692,0.0417069761205497,0.7002633468996896,0.5432727272727268,405.8043478260867,0.608695652173914,0.5755501222493891,0.0222677698507141,0.7555442757516957,0.5988746497480371,0.630836869458558,0.6892418293810705,0.5432727272727267,0.3492647058823497,0.6086956521739136,,,1.0,0.0
2013-02-01,0.5760869565217392,0.6086956521739131,0.5978260869565215,0.6195652173913038,0.5858208955223878,0.5877862595419847,0.5923753665689153,0.1029597334594157,0.0692110155778005,0.0668030116918539,0.6176828404332767,0.4640493967892077,406.38043478260846,0.5760869565217401,0.5726161369193159,0.9554092315497656,0.6525533735327329,0.5927634813982889,0.6258170478122222,0.6845525904617205,0.4640493967892083,0.2941176470588172,0.5760869565217392,,,1.0,0.0
2013-03-01,0.5652173913043477,0.5760869565217392,0.6086956521739131,0.6195652173913038,0.5708955223880601,0.5820610687022896,0.5874877810361685,0.1237421994315628,0.1107176152337698,0.0951931827134284,0.6726062582461122,0.4442435641683286,406.94565217391283,0.5652173913043494,0.5696821515892418,0.5710665168439846,0.6316160844587024,0.5858003387706985,0.6203001307365525,0.6795818296724283,0.4442435641683284,0.3492647058823454,0.5652173913043478,,,1.0,0.0
2013-04-01,0.5760869565217392,0.5652173913043477,0.6086956521739131,0.6086956521739131,0.5597014925373127,0.5744274809160306,0.5845552297165204,0.0343199111565347,0.0949402417729166,0.104840734122977,0.7279641276364491,0.48376195233338,407.5217391304346,0.5760869565217419,0.5628361858190702,0.2965245173761559,0.6879813183733532,0.5817006028790033,0.6160608082548107,0.675271414271065,0.4837619523333794,0.3492647058823491,0.5760869565217392,,,1.0,0.0
2013-05-01,0.5760869565217392,0.5760869565217392,0.5760869565217392,0.6086956521739131,0.5597014925373127,0.5706106870228993,0.5816226783968714,0.0343199111565347,0.0949402417729426,0.1103410700742116,0.7002633468996896,0.48376195233338,408.09782608695633,0.5760869565217419,0.5550122249388751,0.6540744777450982,0.7064326969038603,0.57823159558603,0.6121355096606047,0.6711300347677938,0.4837619523333794,0.3492647058823491,0.5760869565217392,,,1.0,0.0
2013-06-01,0.5760869565217392,0.5760869565217392,0.5652173913043477,0.6195652173913038,0.5634328358208958,0.5648854961832059,0.5777126099706749,0.0,0.0692110155780021,0.1021188677602625,0.7002633468996896,0.4640493967892077,408.6739130434781,0.5760869565217419,0.5481662591687035,0.4256566938086052,0.7287083680522848,0.5752962817227454,0.6085009739252287,0.6671510623038666,0.4640493967892083,0.3823529411764648,0.5760869565217392,,,1.0,0.0
2013-07-01,0.5652173913043477,0.5760869565217392,0.5760869565217392,0.6086956521739131,0.5597014925373127,0.5572519083969443,0.5738025415444774,0.0343199111565347,0.0078131980066562,0.1071056969915044,0.6726062582461122,0.4639250273535977,409.23913043478245,0.5652173913043503,0.5403422982885084,1.0,0.711017650928099,0.5710204005837003,0.6042667289893355,0.6628627143835102,0.463925027353597,0.3492647058823469,0.5652173913043478,,,1.0,0.0
2013-08-01,0.5652173913043477,0.5652173913043477,0.5760869565217392,0.5869565217391299,0.5559701492537297,0.5553435114503804,0.5718475073313787,0.0343199111565478,0.0100762386832389,0.116617069206529,0.7002633468996896,0.5034739203054148,409.8043478260868,0.5652173913043503,0.5339853300733495,0.727691959748654,0.7324194467055847,0.5674023473122007,0.6003461318264725,0.658742536969835,0.5034739203054152,0.2941176470588206,0.5652173913043478,,,1.0,0.0
2013-09-01,0.554347826086957,0.5652173913043477,0.5760869565217392,0.5978260869565215,0.5485074626865662,0.5534351145038165,0.5679374389051812,0.034319911156574,0.0294936643272563,0.1299144846920552,0.672562566162932,0.4638002668191342,410.35869565217376,0.5543478260869596,0.5305623471882646,0.4865353812381272,0.7111934982980408,0.5625487635969755,0.5958470151984612,0.654318521548741,0.4638002668191344,0.2941176470588206,0.5543478260869571,,,1.0,0.0
2013-10-01,0.5108695652173907,0.554347826086957,0.5652173913043477,0.6195652173913038,0.5298507462686555,0.5419847328244263,0.5581622678396876,0.1572735907023748,0.1331231784365834,0.1740680944910778,0.5892849025555844,0.3452144010639306,410.86956521739114,0.5108695652173934,0.5266503667481661,0.1514445066156895,0.5908411170582966,0.551273268972877,0.5882054301896051,0.648206342559396,0.3452144010639301,0.2422145328719691,0.5108695652173912,,,1.0,0.0
2013-11-01,0.5326086956521738,0.5108695652173907,0.5652173913043477,0.5978260869565215,0.5186567164179099,0.5343511450381673,0.5522971652003905,0.1188876596566843,0.1331231784366252,0.1840474763289356,0.7561060036078706,0.4240640365923379,411.4021739130433,0.5326086956521765,0.5212713936430315,0.5867193159658655,0.6691614972216975,0.5453167738773246,0.5828677566543465,0.6432646840482894,0.4240640365923375,0.2941176470588206,0.5326086956521742,,,1.0,0.0
2013-12-01,0.5217391304347823,0.5326086956521738,0.554347826086957,0.6086956521739131,0.5074626865671625,0.5248091603053435,0.5444770283479956,0.0594438298300881,0.1248909490415231,0.181867852603033,0.6724306576832322,0.3845773274344686,411.92391304347814,0.5217391304347858,0.5158924205378979,0.0,0.6573741513660707,0.5384845086186694,0.5770565322741179,0.638051402474761,0.3845773274344688,0.164359861591696,0.5217391304347827,,,1.0,0.0
2014-01-01,0.5217391304347823,0.5217391304347823,0.5108695652173907,0.6086956521739131,0.5111940298507447,0.5171755725190845,0.5366568914956007,0.0343199111567273,0.110717615234182,0.1612148019761775,0.7002633468996896,0.3845773274344686,412.44565217391295,0.5217391304347858,0.5110024449877759,0.0222677698507141,0.67123505506272,0.532703361092115,0.571675768959091,0.6330425633158807,0.3845773274344688,0.2058823529411759,0.5217391304347827,,,1.0,0.0
2014-02-01,0.5217391304347823,0.5217391304347823,0.5326086956521738,0.5760869565217392,0.5074626865671643,0.5095419847328237,0.5317693059628557,0.0,0.0700884077657449,0.1649465196351538,0.7002633468996896,0.4436187744957461,412.96739130434776,0.5217391304347858,0.5070904645476775,0.9554092315497656,0.6720478909587548,0.5278116208773387,0.5666935807044364,0.6282301492220546,0.4436187744957455,0.1365546218487389,0.5217391304347827,,,1.0,0.0
2014-03-01,0.5434782608695654,0.5217391304347823,0.5217391304347823,0.5652173913043477,0.5149253731343286,0.5076335877862599,0.5298142717497552,0.0686398223074425,0.0451200603243428,0.1607624376110722,0.7560172235495092,0.5033481736799282,413.5108695652173,0.543478260869569,0.5031784841075799,0.5710665168439846,0.7555889606357411,0.5272567641281336,0.5638183115712163,0.6245372844340933,0.5033481736799275,0.266544117647058,0.5434782608695656,,,1.0,0.0
2014-04-01,0.5108695652173907,0.5434782608695654,0.5217391304347823,0.5760869565217392,0.5111940298507447,0.5076335877862599,0.5239491691104599,0.0908019499294529,0.0451200603243428,0.1625659666512104,0.6168976058234525,0.4236879839403487,414.0217391304347,0.5108695652173934,0.5017114914425429,0.2965245173761559,0.66104418659339,0.521410807883858,0.5585492231273408,0.6195929970963032,0.4236879839403489,0.266544117647058,0.5108695652173912,,,1.0,0.0
2014-05-01,0.5217391304347823,0.5108695652173907,0.5217391304347823,0.5760869565217392,0.5111940298507447,0.5057251908396942,0.519061583577713,0.0908019499294529,0.0415364853647278,0.1462077624377528,0.7281846752537801,0.4436187744957461,414.5434782608695,0.5217391304347858,0.5017114914425429,0.6540744777450982,0.6909890991965817,0.518256383547274,0.5545393716009643,0.6153080169718725,0.4436187744957455,0.3492647058823521,0.5217391304347827,,,1.0,0.0
2014-06-01,0.5108695652173907,0.5217391304347823,0.5434782608695654,0.5760869565217392,0.4999999999999991,0.5038167938931295,0.5131964809384169,0.0343199111567645,0.0496461416780101,0.1255975312721371,0.6723864085747798,0.4236879839403487,415.0543478260869,0.5108695652173951,0.5007334963325194,0.4256566938086052,0.6624201301091723,0.5137951012385145,0.5499576120437748,0.6107256616914238,0.4236879839403489,0.266544117647058,0.5108695652173912,,,1.0,0.0
2014-07-01,0.5217391304347823,0.5108695652173907,0.5108695652173907,0.5652173913043477,0.5037313432835813,0.5038167938931295,0.5092864125122194,0.0343199111567514,0.0496461416780101,0.1021188677594953,0.7281846752537801,0.4634236200871268,415.5760869565217,0.5217391304347876,0.5002444987775059,1.0,0.6913445424086042,0.5118123240781376,0.5465841761532175,0.6067884202103215,0.4634236200871268,0.3200692041522481,0.5217391304347827,,,1.0,0.0
2014-08-01,0.5217391304347823,0.5217391304347823,0.5217391304347823,0.5652173913043477,0.5037313432835813,0.5038167938931304,0.505376344086022,0.0343199111567514,0.0496461416780101,0.0654024735132012,0.7002633468996896,0.4634236200871268,416.0978260869565,0.5217391304347876,0.4992665036674824,0.727691959748654,0.6972388277737274,0.5101345895578184,0.5434606244027016,0.6030055803559282,0.4634236200871268,0.3200692041522481,0.5217391304347827,,,1.0,0.0
2014-09-01,0.5108695652173907,0.5217391304347823,0.5108695652173907,0.554347826086957,0.5037313432835813,0.4980916030534343,0.5014662756598236,0.0343199111567514,0.0100762386845376,0.0369016431691441,0.6723864085747798,0.463297276563097,416.6086956521739,0.5108695652173969,0.4958435207823966,0.4865353812381272,0.6758793722692609,0.5069228140166677,0.5396995127861244,0.598905673570223,0.4632972765630976,0.3200692041522481,0.5108695652173912,,,1.0,0.0
2014-10-01,0.5217391304347823,0.5108695652173907,0.5217391304347823,0.5108695652173907,0.5037313432835813,0.5,0.5024437927663739,0.0343199111567514,0.0078131980080356,0.0326021324296081,0.7281846752537801,0.5633939393939397,417.1304347826087,0.5217391304347885,0.4933985330073351,0.1514445066156895,0.7207344034498107,0.5059973118134975,0.5370859360998379,0.5954319610350503,0.5633939393939391,0.3676470588235282,0.5217391304347827,,,1.0,0.0
2014-11-01,0.5217391304347823,0.5217391304347823,0.5217391304347823,0.5326086956521738,0.5037313432835813,0.5,0.5014662756598254,0.0343199111567514,0.0078131980080356,0.0271893753523472,0.7002633468996896,0.5232153920153916,417.6521739130435,0.5217391304347885,0.4933985330073351,0.5867193159658655,0.7158317715321303,0.5052141945646618,0.5346659576866095,0.5920944725208646,0.5232153920153911,0.3979238754325226,0.5217391304347827,,,1.0,0.0
2014-12-01,0.5108695652173907,0.5217391304347823,0.5108695652173907,0.5217391304347823,0.5037313432835813,0.5,0.5004887585532751,0.0343199111567514,0.0078131980080356,0.0309780037233569,0.6723864085747798,0.5231835043599744,418.1630434782609,0.5108695652173978,0.4929095354523225,0.0,0.6898466110888108,0.5027594028686124,0.5315563028638168,0.5884224523169266,0.5231835043599741,0.5147058823529371,0.5108695652173912,,,1.0,0.0
2015-01-01,0.5217391304347823,0.5108695652173907,0.5217391304347823,0.5217391304347823,0.5037313432835813,0.5,0.5004887585532751,0.0343199111567514,0.0078131980080356,0.0309780037233569,0.7281846752537801,0.5432727272727268,418.6847826086957,0.5217391304347903,0.4909535452322746,0.0222677698507141,0.729286089821592,0.5024744254574518,0.5295459269125171,0.5853598464975684,0.5432727272727267,0.4638009049773718,0.5217391304347827,,,1.0,0.0
2015-02-01,0.5,0.5217391304347823,0.5217391304347823,0.5217391304347823,0.4962686567164169,0.4961832061068705,0.4985337243401764,0.0594438298301067,0.0294936643281263,0.0445353411220902,0.6445094702498719,0.5030942814472235,419.1847826086957,0.5000000000000089,0.4880195599022014,0.9554092315497656,0.6592543812189824,0.4986489826770155,0.5259465995587416,0.5814865156826672,0.5030942814472229,0.4201680672268901,0.5000000000000006,,,1.0,0.0
2015-03-01,0.4891304347826084,0.5,0.5108695652173907,0.5434782608695654,0.4888059701492535,0.492366412213741,0.4936461388074287,0.0908019499294815,0.0618891122722334,0.0427783503311247,0.6722974869214301,0.4431449839120198,419.6739130434783,0.4891304347826164,0.4845965770171156,0.5710665168439846,0.6394459488269035,0.493619915531152,0.5217449549761826,0.5772996666015704,0.4431449839120197,0.3823529411764698,0.489130434782609,,,1.0,0.0
2015-04-01,0.5108695652173907,0.4891304347826084,0.5217391304347823,0.5108695652173907,0.4850746268656705,0.4904580152671753,0.4936461388074287,0.0594438298301312,0.0549633373349456,0.0427783503311247,0.7562844146516635,0.5432727272727268,420.1847826086957,0.5108695652173978,0.4806845965770172,0.2965245173761559,0.7219828076930455,0.4929488590710269,0.5195924114652728,0.5742078348650557,0.5432727272727267,0.4757785467127986,0.5108695652173912,,,1.0,0.0
2015-05-01,0.5217391304347823,0.5108695652173907,0.5,0.5217391304347823,0.4925373134328348,0.4904580152671753,0.4936461388074287,0.0908019499294754,0.0549633373349456,0.0427783503311247,0.7281846752537801,0.5432727272727268,420.7065217391305,0.5217391304347903,0.4767726161369197,0.6540744777450982,0.7634050875806224,0.4941731960902631,0.5184682496916428,0.571702665024203,0.5432727272727267,0.4319852941176427,0.5217391304347827,,,1.0,0.0
2015-06-01,0.5,0.5217391304347823,0.4891304347826084,0.5108695652173907,0.4962686567164169,0.4885496183206115,0.4926686217008802,0.059443829830105,0.057998683171753,0.0486170080914819,0.6445094702498719,0.5231515151515154,421.2065217391305,0.5000000000000089,0.4743276283618582,0.4256566938086052,0.7049275092528937,0.4916248655201647,0.5156894910208942,0.5683649099533552,0.5231515151515157,0.4705882352941164,0.5000000000000006,,,1.0,0.0
2015-07-01,0.4891304347826084,0.5,0.5108695652173907,0.5217391304347823,0.4888059701492526,0.4828244274809163,0.4897360703812321,0.0908019499294803,0.0549633373350225,0.060795683661341,0.6722974869214301,0.4830050585344696,421.6956521739131,0.4891304347826164,0.4728606356968212,1.0,0.6686404390546876,0.4876764317830462,0.5122476322559537,0.564692633645957,0.4830050585344703,0.3823529411764685,0.489130434782609,,,1.0,0.0
2015-08-01,0.4891304347826084,0.4891304347826084,0.5217391304347823,0.5217391304347823,0.477611940298507,0.4809160305343516,0.4868035190615831,0.0343199111568492,0.0618891122723403,0.0668030116903005,0.7002633468996896,0.4830050585344696,422.18478260869574,0.4891304347826164,0.4723716381418095,0.727691959748654,0.673119318857637,0.4843354493901,0.5090607259921205,0.5611643681741443,0.4830050585344703,0.4201680672268891,0.489130434782609,,,1.0,0.0
2015-09-01,0.4673913043478261,0.4891304347826084,0.5,0.5108695652173907,0.4664179104477606,0.4770992366412212,0.4828934506353874,0.068639822307537,0.0970200611282085,0.101483539679126,0.6442422791477137,0.4627878787878783,422.65217391304355,0.4673913043478332,0.4748166259168709,0.4865353812381272,0.6005573310630972,0.4779241562404612,0.5043720187193319,0.5568436388696272,0.4627878787878784,0.2941176470588206,0.4673913043478261,,,1.0,0.0
2015-10-01,0.4782608695652168,0.4673913043478261,0.4891304347826084,0.5217391304347823,0.4626865671641784,0.4713740458015261,0.47898338220919,0.0594438298301894,0.0949402417736478,0.104840734121822,0.7283636581278436,0.4629158356217173,423.13043478260875,0.4782608695652239,0.4772616136919314,0.1514445066156895,0.6313234984248055,0.4742913699070321,0.5008995571661838,0.5531577635222638,0.4629158356217176,0.3492647058823506,0.4782608695652176,,,1.0,0.0
2015-11-01,0.4782608695652168,0.4782608695652168,0.4891304347826084,0.5217391304347823,0.4589552238805972,0.4637404580152671,0.4750733137829908,0.0343199111569355,0.0462769312458386,0.1014835396790411,0.7002633468996896,0.4629158356217173,423.60869565217394,0.4782608695652239,0.4767726161369197,0.5867193159658655,0.6278569894158288,0.4712174737787462,0.4976843149873433,0.5496164323061681,0.4629158356217176,0.3823529411764685,0.4782608695652176,,,1.0,0.0
2015-12-01,0.5,0.4782608695652168,0.4673913043478261,0.5108695652173907,0.4701492537313427,0.4637404580152671,0.4740957966764423,0.0686398223075253,0.0462769312458386,0.0969563884076027,0.7563740483600695,0.5231515151515154,424.10869565217394,0.5000000000000071,0.4757946210268953,0.0,0.7054556810848567,0.4722007927950349,0.4964451070354325,0.5471448040085765,0.5231515151515157,0.4319852941176453,0.5000000000000006,,,1.0,0.0
2016-01-01,0.5,0.5,0.4782608695652168,0.5217391304347823,0.477611940298507,0.4656488549618318,0.4721407624633444,0.0686398223075054,0.0579986831719846,0.0801934332386815,0.7002633468996896,0.5030942814472235,424.60869565217394,0.5000000000000071,0.4767726161369197,0.0222677698507141,0.7023632444959276,0.4730328319626631,0.4952976922651455,0.5447701023108902,0.5030942814472229,0.4319852941176453,0.5000000000000006,,,1.0,0.0
2016-02-01,0.5108695652173907,0.5,0.4782608695652168,0.5,0.4888059701492526,0.4694656488549604,0.4731182795698929,0.0343199111567758,0.0824269226437859,0.0862576088210916,0.7282292068779452,0.563426030641339,425.1195652173913,0.5108695652173978,0.4792176039119811,0.9554092315497656,0.7188256451958885,0.4755290191284596,0.4951042052513497,0.5429539397622447,0.5634260306413399,0.5147058823529371,0.5108695652173912,,,1.0,0.0
2016-03-01,0.5326086956521738,0.5108695652173907,0.5,0.4891304347826084,0.4999999999999991,0.4809160305343507,0.4770283479960895,0.0908019499294495,0.1075805005658848,0.1137061900687189,0.7561060036078706,0.6240147158485823,425.6521739130435,0.5326086956521809,0.4831295843520786,0.5710665168439846,0.779883454358199,0.4812254855474327,0.4966629187485543,0.5421398264588708,0.6240147158485808,0.553633217993076,0.5326086956521742,,,1.0,0.0
2016-04-01,0.5217391304347823,0.5326086956521738,0.5,0.5108695652173907,0.5074626865671625,0.4885496183206115,0.4780058651026388,0.0594438298300529,0.0970200611281245,0.1211681495222085,0.6724306576832322,0.5633939393939397,426.1739130434783,0.5217391304347903,0.4870415647921762,0.2965245173761559,0.7375575777449761,0.4842534184933758,0.4972372379169032,0.5408922255751234,0.5633939393939391,0.5974264705882291,0.5217391304347827,,,1.0,0.0
2016-05-01,0.5,0.5217391304347823,0.5108695652173907,0.5217391304347823,0.5037313432835813,0.492366412213741,0.476050830889541,0.0908019499294412,0.0618891122722223,0.1103410700730994,0.6445094702498719,0.5030942814472235,426.6739130434783,0.5000000000000089,0.4894865525672376,0.6540744777450982,0.6583917600099305,0.4832312075535672,0.4960311467850253,0.5387627230316898,0.5030942814472229,0.553633217993076,0.5000000000000006,,,1.0,0.0
2016-06-01,0.5,0.5,0.5326086956521738,0.5,0.4925373134328357,0.492366412213741,0.476050830889541,0.0686398223074611,0.0618891122722223,0.1103410700730994,0.7002633468996896,0.5432727272727268,427.1739130434783,0.5000000000000089,0.490464547677262,0.4256566938086052,0.6581266363066192,0.4823662598352678,0.4949143957369895,0.5367167303919214,0.5432727272727267,0.4705882352941164,0.5000000000000006,,,1.0,0.0
2016-07-01,0.5108695652173907,0.5,0.5217391304347823,0.4891304347826084,0.4888059701492535,0.4942748091603048,0.4780058651026388,0.0343199111567675,0.0549633373348934,0.1119336714559098,0.7282292068779452,0.5836437215606531,427.6847826086957,0.5108695652173996,0.4909535452322746,1.0,0.6842674897109653,0.483426535020663,0.4947493010586123,0.5352163863499024,0.583643721560653,0.470588235294113,0.5108695652173912,,,1.0,0.0
2016-08-01,0.5217391304347823,0.5108695652173907,0.5,0.4891304347826084,0.4962686567164169,0.4961832061068705,0.4809384164222878,0.0594438298300793,0.0579986831716635,0.1183386274883336,0.7281846752537801,0.6038292187046164,428.2065217391305,0.521739130434792,0.4919315403422981,0.727691959748654,0.7185000679533644,0.4861158449707252,0.4954653696854754,0.5342402929214094,0.6038292187046169,0.609243697478985,0.5217391304347827,,,1.0,0.0
2016-09-01,0.5217391304347823,0.5217391304347823,0.5,0.4673913043478261,0.5037313432835813,0.4942748091603057,0.4858260019550338,0.0343199111566892,0.0415364853648503,0.0969563884077353,0.7002633468996896,0.6445236985236977,428.7282608695653,0.521739130434792,0.4919315403422981,0.4865353812381272,0.7212161470473291,0.4883914149284694,0.4961283961918301,0.5333024776665818,0.644523698523698,0.6674208144796321,0.5217391304347827,,,1.0,0.0
2016-10-01,0.5108695652173907,0.5217391304347823,0.5108695652173907,0.4782608695652168,0.5037313432835813,0.4923664122137392,0.4887585532746827,0.0343199111566892,0.0351237166942382,0.076409067565623,0.6723864085747798,0.6039261090909076,429.2391304347827,0.5108695652174005,0.491931540342299,0.1514445066156895,0.690976543629219,0.4885247431764492,0.4958733755538347,0.5319360258883021,0.6039261090909079,0.609243697478985,0.5108695652173912,,,1.0,0.0
2016-11-01,0.5,0.5108695652173907,0.5217391304347823,0.4782608695652168,0.4962686567164169,0.492366412213741,0.4907135874877806,0.0594438298300763,0.0351237166942382,0.0499383840092791,0.672342018545601,0.5837083151515159,429.7391304347827,0.5000000000000098,0.4929095354523234,0.5867193159658655,0.6492452795067045,0.4868454053623212,0.4947683112636651,0.5301577468619998,0.5837083151515151,0.6674208144796365,0.5000000000000006,,,1.0,0.0
2016-12-01,0.5,0.5,0.5217391304347823,0.5,0.4888059701492535,0.492366412213741,0.4907135874877815,0.0343199111567572,0.0351237166942382,0.0499383840092791,0.7002633468996896,0.5432727272727268,430.2391304347827,0.5000000000000098,0.4938875305623478,0.0,0.6530050384923776,0.4854244272119059,0.4937451035875826,0.5284492042681004,0.5432727272727267,0.624999999999998,0.5000000000000006,,,1.0,0.0
2017-01-01,0.5108695652173907,0.5,0.5108695652173907,0.5,0.4888059701492535,0.492366412213741,0.4916911045943299,0.0343199111567572,0.0351237166942382,0.0455730928203981,0.7282292068779452,0.563426030641339,430.75000000000006,0.5108695652174005,0.4948655256723713,0.0222677698507141,0.6839307089120013,0.4860142151085886,0.4936666231424951,0.5272730769368188,0.5634260306413399,0.6674208144796338,0.5108695652173912,,,1.0,0.0
2017-02-01,0.5217391304347823,0.5108695652173907,0.5,0.5108695652173907,0.4962686567164169,0.492366412213741,0.4926686217008802,0.0594438298300733,0.0351237166942382,0.0486170080914875,0.7281846752537801,0.5633939393939397,431.27173913043487,0.5217391304347929,0.4953545232273839,0.9554092315497656,0.7060100001385159,0.4883054204297385,0.4944628901335139,0.52660848583825,0.5633939393939391,0.6249999999999948,0.5217391304347827,,,1.0,0.0
2017-03-01,0.5217391304347823,0.5217391304347823,0.5,0.5326086956521738,0.5037313432835813,0.4923664122137392,0.4916911045943308,0.0343199111566788,0.0351237166942382,0.036901643168956,0.7002633468996896,0.5232153920153916,431.7934782608697,0.5217391304347929,0.4963325183374092,0.5710665168439846,0.707501147127882,0.4902441326245581,0.4952001743844576,0.5259699571357039,0.5232153920153911,0.6249999999999948,0.5217391304347827,,,1.0,0.0
2017-04-01,0.5326086956521738,0.5217391304347823,0.5108695652173907,0.5217391304347823,0.5111940298507447,0.4961832061068705,0.4926686217008802,0.0343199111566392,0.0579986831716635,0.0486170080914875,0.7281402852246014,0.5633619501854806,432.32608695652186,0.5326086956521854,0.4968215158924201,0.2965245173761559,0.7431642322301144,0.493676735428747,0.4967517790569875,0.5258218823667029,0.5633619501854793,0.624999999999998,0.5326086956521742,,,1.0,0.0
2017-05-01,0.5108695652173907,0.5326086956521738,0.5217391304347823,0.5,0.5074626865671625,0.4980916030534343,0.4936461388074287,0.0594438298300412,0.0462769312454235,0.0427783503311307,0.6445979684667729,0.563426030641339,432.83695652173924,0.5108695652174022,0.4963325183374083,0.6540744777450982,0.6725813230265096,0.4929969374459153,0.4964505819104632,0.5247487872668497,0.5634260306413399,0.4044117647058762,0.5108695652173912,,,1.0,0.0
2017-06-01,0.5108695652173907,0.5108695652173907,0.5217391304347823,0.5,0.5037313432835813,0.5,0.4946236559139789,0.0686398223074285,0.0294936643280432,0.0357518868677239,0.7002633468996896,0.563426030641339,433.3478260869566,0.5108695652174022,0.4963325183374083,0.4256566938086052,0.6751484879151803,0.4924217237681345,0.4961716956636808,0.5237177743277748,0.5634260306413399,0.4545454545454493,0.5108695652173912,,,1.0,0.0
2017-07-01,0.5217391304347823,0.5108695652173907,0.5326086956521738,0.5108695652173907,0.4999999999999991,0.5019083969465639,0.4956011730205283,0.0343199111567066,0.0248899655695127,0.0369016431690333,0.7281846752537801,0.5633939393939397,433.8695652173914,0.5217391304347947,0.4958435207823957,1.0,0.7040910032490544,0.4937271585262781,0.4967824017272049,0.5231926068609329,0.5633939393939391,0.6470588235294051,0.5217391304347827,,,1.0,0.0
2017-08-01,0.5217391304347823,0.5217391304347823,0.5108695652173907,0.5217391304347823,0.5037313432835813,0.5019083969465647,0.4956011730205283,0.0343199111566831,0.0248899655695127,0.0369016431690333,0.7002633468996896,0.5432727272727268,434.39130434782624,0.5217391304347947,0.4958435207823966,0.727691959748654,0.7071554772906481,0.4948317571677831,0.4973478703045417,0.5226880341967126,0.5432727272727267,0.6470588235294051,0.5217391304347827,,,1.0,0.0
2017-09-01,0.5434782608695654,0.5217391304347823,0.5108695652173907,0.5217391304347823,0.5149253731343286,0.5057251908396934,0.4975562072336279,0.0686398223073945,0.0549633373347645,0.0607956836614656,0.7560172235495092,0.5834511730982316,434.9347826086958,0.5434782608695778,0.4963325183374083,0.4865353812381272,0.7764296882472905,0.4993507256046641,0.4996093204602028,0.5231340758803338,0.5834511730982319,0.6951871657753984,0.5434782608695656,,,1.0,0.0
2017-10-01,0.5,0.5434782608695654,0.5217391304347823,0.5108695652173907,0.5074626865671625,0.5000000000000009,0.4965786901270768,0.1188876596566726,0.0692110155785757,0.0679108832841185,0.58910902546471,0.5231515151515154,435.4347826086958,0.5000000000000124,0.4958435207823957,0.1514445066156895,0.6456498091974083,0.4960058520323489,0.4982275195103023,0.5217009713641474,0.5231515151515157,0.4201680672268891,0.5000000000000006,,,1.0,0.0
2017-11-01,0.5,0.5,0.5217391304347823,0.5,0.4999999999999991,0.4980916030534352,0.4965786901270776,0.1372796446118935,0.0800704358460414,0.0679108832841185,0.7002633468996896,0.5432727272727268,435.9347826086958,0.5000000000000124,0.4958435207823957,0.5867193159658655,0.6407643859846246,0.493175574394237,0.4969480741863208,0.520324067025066,0.5432727272727267,0.4201680672268891,0.5000000000000006,,,1.0,0.0
2017-12-01,0.5,0.5,0.5434782608695654,0.5,0.4850746268656722,0.4961832061068705,0.4965786901270776,0.0,0.0884809929690199,0.0679108832841185,0.7002633468996896,0.5432727272727268,436.4347826086958,0.5000000000000124,0.4973105134474336,0.0,0.6431108857588015,0.4907807240850648,0.4957634025900406,0.519001158934576,0.5432727272727267,0.4638009049773746,0.5000000000000006,,,1.0,0.0
2018-01-01,0.5,0.5,0.5,0.5108695652173907,0.4850746268656722,0.492366412213741,0.4956011730205283,0.0,0.0913943861670747,0.0740805081409017,0.7002633468996896,0.5231515151515154,436.9347826086958,0.5000000000000124,0.4987775061124697,0.0222677698507141,0.6386234217193234,0.4887543122849962,0.4946664844453377,0.5177301295927332,0.5231515151515157,0.5147058823529371,0.5000000000000006,,,1.0,0.0
2018-02-01,0.5326086956521738,0.5,0.5,0.5217391304347823,0.4962686567164169,0.4942748091603048,0.4965786901270768,0.1029597334595112,0.1030638701696338,0.0804416499509478,0.7841609268344643,0.5633619501854806,437.467391304348,0.5326086956521863,0.4977995110024453,0.9554092315497656,0.7328989939088153,0.4924161182183484,0.4962576217059498,0.5179051853156134,0.5633619501854793,0.6470588235294057,0.5326086956521742,,,1.0,0.0
2018-03-01,0.5217391304347823,0.5326086956521738,0.5,0.5217391304347823,0.5037313432835813,0.4904580152671762,0.4965786901270768,0.0908019499294414,0.0665307497257419,0.0804416499509478,0.6724306576832322,0.5432727272727268,437.9891304347828,0.5217391304347956,0.4948655256723722,0.5710665168439846,0.7117537448402125,0.493722415368766,0.4968619628774542,0.5176079625159149,0.5432727272727267,0.5588235294117608,0.5217391304347827,,,1.0,0.0
2018-04-01,0.5217391304347823,0.5217391304347823,0.5,0.5326086956521738,0.5111940298507465,0.4942748091603048,0.4956011730205283,0.0343199111566569,0.0665307497257011,0.0740805081409017,0.7002633468996896,0.5232153920153916,438.5108695652176,0.5217391304347956,0.4943765281173595,0.2965245173761559,0.71626328219077,0.4948277437268116,0.4974215380362548,0.5173223955122834,0.5232153920153911,0.5147058823529371,0.5217391304347827,,,1.0,0.0
2018-05-01,0.5217391304347823,0.5217391304347823,0.5326086956521738,0.5108695652173907,0.5074626865671643,0.4980916030534352,0.4965786901270776,0.0,0.058987328648109,0.074341489422954,0.7002633468996896,0.5633939393939397,439.0326086956524,0.5217391304347956,0.4963325183374083,0.6540744777450982,0.7065668148669246,0.4957630215682345,0.4979396631832911,0.5170480272146767,0.5633939393939391,0.5147058823529371,0.5217391304347827,,,1.0,0.0
2018-06-01,0.5326086956521738,0.5217391304347823,0.5217391304347823,0.5108695652173907,0.5111940298507447,0.5038167938931295,0.4985337243401773,0.0343199111566569,0.049646141677983,0.0794458014822185,0.7281402852246014,0.5835151515151524,439.5652173913046,0.532608695652188,0.4987775061124697,0.4256566938086052,0.7360319367627604,0.498346564534935,0.4992883427596117,0.517249832050422,0.5835151515151515,0.5147058823529371,0.5326086956521742,,,1.0,0.0
2018-07-01,0.5326086956521738,0.5326086956521738,0.5217391304347823,0.5217391304347823,0.5149253731343286,0.5095419847328255,0.4995112414467257,0.0343199111566365,0.0100762386842145,0.0841074412578651,0.7002633468996896,0.5633619501854806,440.0978260869568,0.532608695652188,0.5022004889975564,1.0,0.7196366195640636,0.5005326393529117,0.5005371201450934,0.5174437229710405,0.5633619501854793,0.6249999999999967,0.5326086956521742,,,1.0,0.0
2018-08-01,0.4891304347826084,0.5326086956521738,0.5217391304347823,0.5217391304347823,0.5037313432835813,0.5019083969465647,0.4965786901270776,0.1372796446118877,0.0768472546956403,0.10233003303634,0.58893259003386,0.4830050585344696,440.5869565217394,0.4891304347826235,0.5046454767726178,0.727691959748654,0.5798363459732947,0.4952137788722943,0.4982176592228047,0.515768355957066,0.4830050585344703,0.4319852941176453,0.489130434782609,,,1.0,0.0
2018-09-01,0.5108695652173907,0.4891304347826084,0.5326086956521738,0.5434782608695654,0.4962686567164169,0.5,0.4936461388074287,0.1188876596566912,0.079273595451342,0.0841074412577909,0.7562844146516635,0.4831960812563015,441.0978260869568,0.5108695652174049,0.5056234718826405,0.4865353812381272,0.6476118930598034,0.4942975126673783,0.4978078783602937,0.5150895167948457,0.4831960812563016,0.4757785467127983,0.5108695652173912,,,1.0,0.0
2018-10-01,0.5217391304347823,0.5108695652173907,0.5326086956521738,0.5,0.4925373134328348,0.5,0.4956011730205283,0.0908019499294596,0.079273595451342,0.0801934332389824,0.7281846752537801,0.5835793340099539,441.6195652173916,0.5217391304347974,0.5056234718826413,0.1514445066156895,0.6853258058926919,0.4953143645179452,0.4982973857055501,0.514902712368511,0.5835793340099545,0.5147058823529371,0.5217391304347827,,,1.0,0.0
2018-11-01,0.5217391304347823,0.5217391304347823,0.4891304347826084,0.5,0.5037313432835813,0.5,0.4975562072336261,0.0343199111567066,0.079273595451342,0.074080508140929,0.7002633468996896,0.5835793340099539,442.1413043478264,0.5217391304347974,0.5051344743276278,0.5867193159658655,0.6818450582635016,0.4961747776222713,0.4987506332474538,0.5147232336059542,0.5835793340099545,0.4319852941176421,0.5217391304347827,,,1.0,0.0
2018-12-01,0.5326086956521738,0.5217391304347823,0.5108695652173907,0.5,0.5111940298507447,0.5000000000000009,0.5004887585532742,0.0343199111566816,0.079273595451342,0.0700945089852495,0.7281402852246014,0.6037326373785689,442.6739130434786,0.5326086956521898,0.5051344743276287,0.0,0.7224001586726914,0.4986949735037358,0.500039240967169,0.5150162068185118,0.6037326373785693,0.6674208144796321,0.5326086956521742,,,1.0,0.0
2019-01-01,0.5434782608695654,0.5326086956521738,0.5217391304347823,0.5,0.5186567164179099,0.5019083969465647,0.5043988269794726,0.0594438298300372,0.0949402417734212,0.0700945089853077,0.728096036116147,0.6238859407471838,443.21739130434815,0.5434782608695805,0.5056234718826413,0.0222677698507141,0.7546868506927247,0.5026196009658541,0.502101330333006,0.5157631044777489,0.623885940747184,0.7037815126050365,0.5434782608695656,,,1.0,0.0
2019-02-01,0.5434782608695654,0.5434782608695654,0.5217391304347823,0.5326086956521738,0.5261194029850742,0.5114503816793894,0.505376344086022,0.0343199111566264,0.0579986831714949,0.0781896278175506,0.7002633468996896,0.563330062530062,443.7608695652177,0.5434782608695805,0.5085574572127154,0.9554092315497656,0.735657964902952,0.505940439587647,0.5040106723384108,0.5164807120327017,0.5633300625300622,0.7037815126050365,0.5434782608695656,,,1.0,0.0
2019-03-01,0.5326086956521738,0.5434782608695654,0.5326086956521738,0.5217391304347823,0.5261194029850742,0.5152671755725189,0.5063538611925713,0.0343199111566264,0.035123716693895,0.0794458014823275,0.6724747665409433,0.5633619501854806,444.2934782608699,0.532608695652188,0.5129584352078247,0.5710665168439846,0.6933335369462448,0.5069582259359757,0.5049096475328696,0.5167047645226424,0.5633619501854793,0.6470588235294057,0.5326086956521742,,,1.0,0.0
2019-04-01,0.5108695652173907,0.5326086956521738,0.5434782608695654,0.5217391304347823,0.5149253731343286,0.513358778625955,0.5053763440860211,0.0908019499294305,0.0549633373346751,0.0841074412579452,0.6445979684667729,0.5231835043599744,444.8043478260873,0.5108695652174049,0.5168704156479222,0.2965245173761559,0.6173266205534738,0.5042351217212637,0.5040041638325761,0.5159892034558897,0.5231835043599741,0.4201680672268862,0.5108695652173912,,,1.0,0.0
2019-05-01,0.5217391304347823,0.5108695652173907,0.5434782608695654,0.5217391304347823,0.5074626865671643,0.5133587786259532,0.5053763440860211,0.0594438298300576,0.0549633373346751,0.0841074412579452,0.7281846752537801,0.5432727272727268,445.3260869565221,0.5217391304347974,0.5207823960880207,0.6540744777450982,0.6359414865742643,0.5037231106404629,0.5040346870687742,0.5157671171997098,0.5432727272727267,0.5147058823529371,0.5217391304347827,,,1.0,0.0
2019-06-01,0.5326086956521738,0.5217391304347823,0.5326086956521738,0.5326086956521738,0.5074626865671643,0.5133587786259532,0.5053763440860211,0.0594438298300576,0.0549633373346751,0.0841074412579452,0.7281402852246014,0.5432727272727268,445.8586956521743,0.5326086956521898,0.5242053789731056,0.4256566938086052,0.6625143584353808,0.5050820245191288,0.5049318833943177,0.5160191538007481,0.5432727272727267,0.5588235294117608,0.5326086956521742,,,1.0,0.0
2019-07-01,0.5434782608695654,0.5326086956521738,0.5108695652173907,0.5326086956521738,0.5186567164179099,0.513358778625955,0.5063538611925704,0.0594438298300386,0.0549633373346751,0.0909136110185301,0.728096036116147,0.563330062530062,446.40217391304384,0.5434782608695805,0.526650366748167,1.0,0.6828643098125582,0.5080240287481095,0.5066315548025884,0.5167267202057788,0.5633300625300622,0.5974264705882316,0.5434782608695656,,,1.0,0.0
2019-08-01,0.5434782608695654,0.5434782608695654,0.5217391304347823,0.4891304347826084,0.5261194029850751,0.5133587786259532,0.5112414467253172,0.034319911156634,0.0549633373346751,0.0584150140477731,0.7002633468996896,0.6442002129925455,446.9456521739134,0.5434782608695805,0.5286063569682149,0.727691959748654,0.6802871311064074,0.5105134169418628,0.5082053246250613,0.5174065389086522,0.6442002129925447,0.5588235294117608,0.5434782608695656,,,1.0,0.0
2019-09-01,0.554347826086957,0.5434782608695654,0.5326086956521738,0.5108695652173907,0.5335820895522385,0.5171755725190845,0.5151515151515156,0.034319911156609,0.0768472546954994,0.060795683661752,0.728051927258434,0.6237575757575753,447.50000000000034,0.5543478260869712,0.5276283618581905,0.4865353812381272,0.7196625375313594,0.5144119763605355,0.5105314529749316,0.5185251116468201,0.6237575757575764,0.5974264705882316,0.5543478260869571,,,1.0,0.0
2019-10-01,0.5652173913043477,0.554347826086957,0.5434782608695654,0.5217391304347823,0.5410447761194019,0.5267175572519074,0.519061583577713,0.0594438298299943,0.072675385895425,0.0801934332393047,0.7280079579857154,0.6236296189237364,448.0652173913047,0.5652173913043619,0.512469437652812,0.1514445066156895,0.8012292644912797,0.5195029114310614,0.5135542095909136,0.5200652323796806,0.6236296189237357,0.8710407239818911,0.5652173913043478,,,1.0,0.0
2019-11-01,0.5652173913043477,0.5652173913043477,0.5434782608695654,0.5217391304347823,0.5485074626865662,0.5343511450381673,0.5229716520039114,0.0343199111565566,0.0579986831712299,0.0897647441935484,0.7002633468996896,0.6236296189237364,448.6304347826091,0.5652173913043619,0.4889975550122241,0.5867193159658655,0.8646868125502465,0.5238106257215067,0.5163530583094138,0.5215449562210575,0.6236296189237357,0.8155080213903663,0.5652173913043478,,,1.0,0.0
2019-12-01,0.5652173913043477,0.5652173913043477,0.554347826086957,0.5326086956521738,0.5522388059701493,0.5400763358778624,0.5259042033235586,0.0,0.0415364853642107,0.0997756577593601,0.7002633468996896,0.6034447330447323,449.19565217391346,0.5652173913043619,0.4713936430317842,0.0,0.9229282054132106,0.5274556147364979,0.5189445849006189,0.5229666516764979,0.6034447330447319,0.779411764705874,0.5652173913043478,,,1.0,0.0
2020-01-01,0.5652173913043477,0.5652173913043477,0.5652173913043477,0.5434782608695654,0.5522388059701493,0.5438931297709919,0.5278592375366573,0.0,0.030950360926236,0.1089339872028286,0.7002633468996896,0.5833238246170085,449.76086956521783,0.5652173913043619,0.4562347188264057,0.0222677698507141,0.9672944987037972,0.5305398362107221,0.5213441465591417,0.52433259436898,0.5833238246170086,0.779411764705874,0.5652173913043478,,,1.0,0.0
2020-02-01,0.5652173913043477,0.5652173913043477,0.5652173913043477,0.5434782608695654,0.5522388059701493,0.5477099236641214,0.529814271749756,0.0,9.806835898906739e-12,0.1160391148864248,0.7002633468996896,0.5833238246170085,450.3260869565222,0.5652173913043619,0.441564792176039,0.9554092315497656,1.0,0.5331495620735272,0.5235659629096263,0.5256449706813644,0.5833238246170086,0.7352941176470501,0.5652173913043478,,,1.0,0.0
2020-03-01,0.4891304347826084,0.5652173913043477,0.5652173913043477,0.5326086956521738,0.5261194029850742,0.5362595419847329,0.5259042033235577,0.2402393780696229,0.1769619859329739,0.1667143303923639,0.5063578817423804,0.463043386243386,450.8152173913048,0.4891304347826235,0.4264058679706597,0.5710665168439846,0.8091709114591339,0.5228127134820459,0.5195406617825569,0.5236479861101229,0.4630433862433859,0.2941176470588206,0.489130434782609,,,1.0,0.0
2020-04-01,0.2173913043478261,0.4891304347826084,0.5652173913043477,0.5108695652173907,0.406716417910447,0.4751908396946556,0.4995112414467257,1.0,0.8954043244446157,0.7691873155399735,0.0,0.0,451.03260869565264,0.2173913043478386,0.4102689486552568,0.2965245173761559,0.0,0.4692622986903219,0.4940901793642434,0.5100939748525892,0.0,0.0183823529411751,0.2173913043478262,,,1.0,0.0
2020-05-01,0.2934782608695645,0.2173913043478261,0.5652173913043477,0.5217391304347823,0.3134328358208949,0.4274809160305333,0.4789833822091882,0.7666487425569922,1.0,0.9327084706482944,0.9044932295029798,0.1213990461049268,451.3260869565222,0.2934782608695787,0.3936430317848405,0.6540744777450982,0.28460656744614,0.4364954874188713,0.4766074563544329,0.5003293885941771,0.1213990461049274,0.1982097186700736,0.293478260869565,,,1.0,0.0
2020-06-01,0.3695652173913037,0.2934782608695645,0.4891304347826084,0.5326086956521738,0.272388059701492,0.393129770992366,0.4643206256109495,0.4161068087947607,0.9404847560121982,0.9759886241064732,0.9021418986177466,0.2424126984126974,451.6956521739135,0.3695652173913188,0.3760391198044015,0.4256566938086052,0.5798457198120204,0.4213148022030371,0.4665022883524967,0.4942056224329612,0.2424126984126977,0.3460207612456719,0.3695652173913045,,,1.0,0.0
2020-07-01,0.3695652173913037,0.3695652173913037,0.2173913043478261,0.5434782608695654,0.3246268656716404,0.3587786259541969,0.4486803519061588,0.2402393780697138,0.8126008118958449,1.0,0.7002633468996896,0.2228639485184637,452.0652173913048,0.3695652173913188,0.3574572127139364,1.0,0.6279654302541324,0.4084696070204083,0.4571456513136676,0.4883220039643419,0.2228639485184641,0.3294117647058793,0.3695652173913045,,,1.0,0.0
2020-08-01,0.3913043478260869,0.3695652173913037,0.2934782608695645,0.5434782608695654,0.3582089552238807,0.3282442748091609,0.4349951124144668,0.0686398223076594,0.5829527681014987,0.9983371989256796,0.7572864174895076,0.2629150458627482,452.4565217391309,0.3913043478261029,0.3383863080684586,0.727691959748654,0.7567548015738588,0.4011849037599448,0.4502199666395441,0.4835999428162854,0.2629150458627475,0.3460207612456719,0.3913043478260874,,,1.0,0.0
2020-09-01,0.3695652173913037,0.3913043478260869,0.3695652173913037,0.554347826086957,0.3582089552238807,0.3072519083969469,0.4183773216031277,0.0686398223076594,0.4144815093999058,0.986652569715955,0.6434251160848812,0.2033770617568074,452.8260869565222,0.3695652173913197,0.3237163814180928,0.4865353812381272,0.73351203812215,0.3914366160300986,0.4420694275053769,0.4781322333522411,0.2033770617568073,0.3110859728506756,0.3695652173913045,,,1.0,0.0
2020-10-01,0.3913043478260869,0.3695652173913037,0.3695652173913037,0.5652173913043477,0.3656716417910441,0.3377862595419838,0.4027370478983387,0.0686398223076521,0.2112006589614374,0.9414221951864232,0.7572864174895076,0.2238762985303267,453.21739130434827,0.3913043478261047,0.3256723716381424,0.1514445066156895,0.8010773311057449,0.3867723729219907,0.4362605001503867,0.4738097710517177,0.2238762985303273,0.3431372549019578,0.3913043478260874,,,1.0,0.0
2020-11-01,0.3695652173913037,0.3913043478260869,0.3913043478260869,0.5652173913043477,0.3582089552238807,0.3511450381679388,0.3851417399804502,0.0686398223076594,0.0451200603263128,0.8819175086825712,0.6434251160848812,0.1839517449375267,453.5869565217396,0.3695652173913215,0.3364303178484107,0.5867193159658655,0.6946740813480865,0.3792413976287534,0.4291439955709721,0.4687259898921665,0.1839517449375267,0.3101604278074834,0.3695652173913045,,,1.0,0.0
2020-12-01,0.3695652173913037,0.3695652173913037,0.3695652173913037,0.5652173913043477,0.3582089552238807,0.3511450381679388,0.3675464320625616,0.0686398223076594,0.0451200603263128,0.7947224983222613,0.7002633468996896,0.1839517449375267,453.9565217391309,0.3695652173913215,0.3408312958435209,0.0,0.688250308898251,0.3728690339190921,0.4225546394789212,0.463841572699657,0.1839517449375267,0.2941176470588212,0.3695652173913045,,,1.0,0.0
2021-01-01,0.3478260869565215,0.3695652173913037,0.3913043478260869,0.5652173913043477,0.3432835820895503,0.3473282442748093,0.3479960899315744,0.0686398223076783,0.0792735954526806,0.6737480591665075,0.6432402763098736,0.1440271913447267,454.3043478260874,0.3478260869565384,0.3432762836185823,0.0222677698507141,0.6113355972581971,0.3638927258091549,0.4147155156985258,0.4582178740948635,0.144027191344726,0.2783613445378127,0.3478260869565215,,,1.0,0.0
2021-02-01,0.3586956521739131,0.3478260869565215,0.3695652173913037,0.5652173913043477,0.3395522388059691,0.3416030534351133,0.3294232649071347,0.0594438298303484,0.066530749727215,0.4816488191267878,0.7288679051482534,0.1639894681411259,454.66304347826133,0.3586956521739308,0.3452322738386311,0.9554092315497656,0.6298131769292539,0.3580895422016281,0.4083260018235188,0.453280126282527,0.1639894681411264,0.2941176470588212,0.358695652173913,,,1.0,0.0
2021-03-01,0.3695652173913037,0.3586956521739131,0.3695652173913037,0.4891304347826084,0.3395522388059691,0.3416030534351133,0.3186705767350934,0.0594438298303484,0.066530749727215,0.3642447518011538,0.7288213179198333,0.3212322586891263,455.03260869565264,0.3695652173913215,0.3466992665036672,0.5710665168439846,0.6644896131709288,0.3549713100961389,0.4032787193423912,0.449001429231572,0.3212322586891267,0.3093306288032432,0.3695652173913045,,,1.0,0.0
2021-04-01,0.3804347826086953,0.3695652173913037,0.3478260869565215,0.2173913043478261,0.3507462686567164,0.3396946564885486,0.3333333333333339,0.0594438298303294,0.0451200603264618,0.1683219263106832,0.7287748821945986,0.858650128573589,455.41304347826133,0.380434782608714,0.3481662591687042,0.2965245173761559,0.6979320980971018,0.3541249600308358,0.3994742437074468,0.4453559378141003,0.858650128573589,0.3240279162512441,0.3804347826086959,,,1.0,0.0
2021-05-01,0.3695652173913037,0.3804347826086953,0.3586956521739131,0.2934782608695645,0.3544776119402977,0.3396946564885486,0.3401759530791786,0.0343199111571486,0.0451200603264618,0.0562858254090531,0.671798096564676,0.6887543859649132,455.78260869565264,0.3695652173913233,0.3506112469437648,0.6540744777450982,0.6520144231896374,0.3516166636439308,0.3950826470126944,0.4413879932521025,0.6887543859649123,0.3773584905660346,0.3695652173913045,,,1.0,0.0
2021-06-01,0.3913043478260869,0.3695652173913037,0.3695652173913037,0.3695652173913037,0.361940298507462,0.3435114503816789,0.3421309872922773,0.0594438298303134,0.0726753858971495,0.0668030116882202,0.7572864174895076,0.584365804385318,456.1739130434787,0.3913043478261073,0.3550122249388749,0.4256566938086052,0.7109139341131261,0.3530785670567713,0.3927542219164213,0.4385064815437411,0.5843658043853166,0.8676470588235212,0.3913043478260874,,,1.0,0.0
2021-07-01,0.4021739130434776,0.3913043478260869,0.3804347826086953,0.3695652173913037,0.3694029850746263,0.3530534351145036,0.3450635386119254,0.0908019499296002,0.0768472546969786,0.0860204500569178,0.7286824623070939,0.6049123429416109,456.5760869565222,0.402173913043498,0.3618581907090457,1.0,0.7188525231376204,0.3561077162762087,0.391467206823008,0.4362033838868004,0.6049123429416101,0.7904411764705804,0.4021739130434781,,,1.0,0.0
2021-08-01,0.4021739130434776,0.4021739130434776,0.3695652173913037,0.3913043478260869,0.3805970149253719,0.3606870229007626,0.3460410557184756,0.0343199111571005,0.0700884077671481,0.0962977732109204,0.7002633468996896,0.5637526644074454,456.9782608695657,0.402173913043498,0.3701711491442534,0.727691959748654,0.6973900528978518,0.3586708425388103,0.39027552618096,0.4339906037850349,0.5637526644074439,0.6314878892733494,0.4021739130434781,,,1.0,0.0
2021-09-01,0.3913043478260869,0.4021739130434776,0.3913043478260869,0.3695652173913037,0.3805970149253719,0.364503816793893,0.3479960899315744,0.0343199111571005,0.0549633373363622,0.0989140918547376,0.6718902171159236,0.584365804385318,457.36956521739177,0.3913043478261073,0.3779951100244485,0.4865353812381272,0.642523006601543,0.3590474876601313,0.388303184109259,0.4313991857812649,0.5843658043853166,0.5882352941176432,0.3913043478260874,,,1.0,0.0
2021-10-01,0.4021739130434776,0.3913043478260869,0.4021739130434776,0.3913043478260869,0.3805970149253719,0.3683206106870216,0.3489736070381237,0.0343199111571005,0.0549633373363191,0.1071056969891079,0.7286824623070939,0.5637526644074454,457.77173913043526,0.402173913043498,0.3848410757946201,0.1514445066156895,0.6607121784211003,0.3611583414021284,0.3873458755200811,0.4293748056052058,0.5637526644074439,0.5536332179930731,0.4021739130434781,,,1.0,0.0
2021-11-01,0.4130434782608692,0.4021739130434776,0.4021739130434776,0.3695652173913037,0.3843283582089549,0.3759541984732815,0.3528836754643212,0.0594438298302908,0.0248899655717265,0.1241339954988986,0.7286364766834557,0.6254588814979065,458.18478260869614,0.4130434782608887,0.3916870415647917,0.5867193159658655,0.6702207144704673,0.3647366024385459,0.3873284127480536,0.4278952264793005,0.6254588814979051,0.6801470588235238,0.4130434782608695,,,1.0,0.0
2021-12-01,0.4239130434782607,0.4130434782608692,0.3913043478260869,0.3695652173913037,0.3955223880597005,0.3816793893129775,0.3577712609970671,0.0594438298302819,0.0451200603259301,0.145719719580533,0.7285906396401887,0.6460054200541993,458.6086956521744,0.4239130434782812,0.3980440097799516,0.0,0.69262560651676,0.3695565158010092,0.3881811775844985,0.4269390836564852,0.6460054200542,0.6470588235294057,0.423913043478261,,,1.0,0.0
2022-01-01,0.4456521739130439,0.4239130434782607,0.4021739130434776,0.3478260869565215,0.4104477611940291,0.3893129770992374,0.3665689149560123,0.0908019499295769,0.0997410977026506,0.1612148019748459,0.7568265540170056,0.7287948984131694,459.05434782608745,0.4456521739130643,0.4019559902200482,0.0222677698507141,0.7497730813231662,0.3772192120787014,0.3907086427948902,0.4269512638151811,0.7287948984131699,0.8235294117647014,0.4456521739130439,,,1.0,0.0
2022-02-01,0.4456521739130439,0.4456521739130439,0.4130434782608692,0.3586956521739131,0.4216417910447756,0.3969465648854964,0.3743890518084072,0.0686398223076029,0.1197337849640014,0.1683219263109897,0.7002633468996896,0.7079127430658372,459.5000000000005,0.4456521739130643,0.4063569682151593,0.9554092315497656,0.7263186536410302,0.3837030320059797,0.3930488883600658,0.4269629663205947,0.7079127430658378,0.8235294117647014,0.4456521739130439,,,1.0,0.0
2022-03-01,0.4565217391304346,0.4456521739130439,0.4239130434782607,0.3695652173913037,0.4328358208955212,0.4083969465648858,0.3822091886608021,0.0343199111570145,0.1125666350443861,0.1840474763277324,0.7284540128263244,0.7076450357230833,459.95652173913095,0.456521739130455,0.4122249388753047,0.5710665168439846,0.7478059825597363,0.3909814951991723,0.3960847164717007,0.4274396234964968,0.7076450357230835,0.9873949579831895,0.4565217391304346,,,1.0,0.0
2022-04-01,0.4456521739130439,0.4565217391304346,0.4456521739130439,0.3804347826086953,0.4328358208955221,0.4160305343511448,0.3880742913000983,0.0343199111570145,0.079273595452101,0.1840474763277725,0.6721179308381056,0.6663518299881943,460.402173913044,0.4456521739130643,0.4176039119804402,0.2965245173761559,0.7007540563285914,0.3953480408002239,0.3980267343571135,0.4274321746418597,0.6663518299881934,0.892857142857143,0.4456521739130439,,,1.0,0.0
2022-05-01,0.4565217391304346,0.4456521739130439,0.4456521739130439,0.3695652173913037,0.4365671641791033,0.4236641221374038,0.3958944281524932,0.0343199111570102,0.0496461416789931,0.1683219263111472,0.7284540128263244,0.7076450357230833,460.85869565217445,0.456521739130455,0.421026894865526,0.6540744777450982,0.7210487772975114,0.4008349641789168,0.4006938331356329,0.4278904314914378,0.7076450357230835,0.8928571428571417,0.4565217391304346,,,1.0,0.0
2022-06-01,0.4456521739130439,0.4565217391304346,0.4565217391304346,0.3913043478260869,0.4328358208955221,0.4274809160305333,0.4007820136852391,0.0343199111570145,0.0078131980099469,0.1571069919705266,0.6721179308381056,0.6456724129463197,461.3043478260875,0.4456521739130643,0.4234718826405865,0.4256566938086052,0.6821307463996931,0.4036855914753925,0.402294434971866,0.4278653038919007,0.6456724129463184,0.7983193277310935,0.4456521739130439,,,1.0,0.0
2022-07-01,0.4347826086956523,0.4456521739130439,0.4456521739130439,0.4021739130434776,0.4291044776119399,0.4255725190839694,0.4037145650048881,0.0594438298302477,0.0248899655709161,0.1462077624367707,0.6720726809730528,0.604613121506325,461.73913043478314,0.4347826086956736,0.4259168704156479,1.0,0.6342241058295102,0.4043055067022996,0.4029075396393144,0.4273757480961535,0.6046131215063257,0.7983193277310935,0.4347826086956525,,,1.0,0.0
2022-08-01,0.4673913043478261,0.4347826086956523,0.4565217391304346,0.4021739130434776,0.4328358208955221,0.4293893129770989,0.4095796676441834,0.09080194992956,0.0462769312463409,0.1500680478838456,0.7849715314715171,0.665953515739923,462.20652173913095,0.4673913043478475,0.4283618581907085,0.727691959748654,0.733050656436987,0.410206512427707,0.4060820313556235,0.4283016313437153,0.6659535157399232,0.8235294117647055,0.4673913043478261,,,1.0,0.0
2022-09-01,0.4565217391304346,0.4673913043478261,0.4456521739130439,0.3913043478260869,0.4365671641791033,0.4293893129770989,0.4154447702834796,0.0908019499295572,0.0462769312463409,0.1166170692049414,0.6721630356715356,0.6661523500810355,462.6630434782614,0.4565217391304568,0.4312958435207825,0.4865353812381272,0.6928872481442667,0.4134075170944795,0.4081524414675863,0.4287257918520444,0.6661523500810356,0.7352941176470578,0.4565217391304346,,,1.0,0.0
2022-10-01,0.4565217391304346,0.4565217391304346,0.4347826086956523,0.4021739130434776,0.4440298507462676,0.4312977099236645,0.4203323558162264,0.034319911156991,0.0451200603253442,0.08338268741979,0.7002633468996896,0.6455067176620579,463.1195652173918,0.4565217391304568,0.4347188264058674,0.1514445066156895,0.6866581806098964,0.4161160595048248,0.4100694878675526,0.4291333186149497,0.6455067176620569,0.7352941176470578,0.4565217391304346,,,1.0,0.0
2022-11-01,0.4347826086956523,0.4565217391304346,0.4673913043478261,0.4130434782608692,0.4328358208955212,0.4274809160305333,0.422287390029326,0.0686398223075939,0.0579986831724569,0.0562858254103313,0.6439725147765176,0.5841002594605191,463.55434782608745,0.4347826086956736,0.4381418092909532,0.5867193159658655,0.6032618433849599,0.4148235950348962,0.4101066626908762,0.4285940367516332,0.5841002594605179,0.6801470588235267,0.4347826086956525,,,1.0,0.0
2022-12-01,0.4565217391304346,0.4347826086956523,0.4565217391304346,0.4239130434782607,0.4328358208955221,0.4293893129770989,0.4252199413489741,0.0686398223075939,0.0589873286488928,0.036901643167608,0.7567354699475746,0.6044152492668622,464.0108695652179,0.4565217391304568,0.441564792176039,0.0,0.6683897157464287,0.4173142793005633,0.4118789519631907,0.4290067303812197,0.6044152492668611,0.7093425605536309,0.4565217391304346,,,1.0,0.0
2023-01-01,0.4673913043478261,0.4565217391304346,0.4565217391304346,0.4456521739130439,0.4365671641791033,0.4351145038167923,0.4271749755620728,0.0908019499295593,0.0496461416788708,0.0455730928192135,0.7284087629612775,0.5839033421026981,464.4782608695657,0.4673913043478492,0.4459657701711492,0.0222677698507141,0.6895506825278233,0.4212139353954685,0.4143888946184715,0.4298686535391711,0.5839033421026976,0.7093425605536309,0.4673913043478261,,,1.0,0.0
2023-02-01,0.4782608695652168,0.4673913043478261,0.4347826086956523,0.4456521739130439,0.451492537313432,0.4370229007633579,0.4301075268817209,0.0594438298302255,0.066530749726316,0.0634111969334812,0.7283636581278436,0.6042186495176852,464.9565217391309,0.4782608695652399,0.4503667481662594,0.9554092315497656,0.7004328065266492,0.426305798422808,0.4175818496653871,0.4311621893812365,0.6042186495176838,0.7093425605536309,0.4782608695652176,,,1.0,0.0
2023-03-01,0.4891304347826084,0.4782608695652168,0.4565217391304346,0.4565217391304346,0.4626865671641784,0.442748091603053,0.433040078201369,0.0594438298302139,0.0970200611285147,0.0915982773118048,0.7283186976298796,0.604120822997228,465.4456521739135,0.4891304347826315,0.4547677261613696,0.5710665168439846,0.7261113907627923,0.4324064519314374,0.4214072235934472,0.4328704119198043,0.6041208229972278,0.6801470588235267,0.489130434782609,,,1.0,0.0
2023-04-01,0.4891304347826084,0.4891304347826084,0.4673913043478261,0.4456521739130439,0.4701492537313427,0.4484732824427473,0.4369501466275665,0.0343199111569438,0.1107176152346718,0.1071056969900177,0.7002633468996896,0.6245339569326696,465.93478260869614,0.4891304347826315,0.4591687041564789,0.2965245173761559,0.7163720270975773,0.4375685433618157,0.4249492364897991,0.4345116453392128,0.6245339569326699,0.6801470588235267,0.489130434782609,,,1.0,0.0
2023-05-01,0.4891304347826084,0.4891304347826084,0.4782608695652168,0.4565217391304346,0.4738805970149258,0.4580152671755719,0.4398826979472154,0.0,0.0618891122726622,0.120606123626818,0.7002633468996896,0.604120822997228,466.42391304347876,0.4891304347826315,0.4645476772616135,0.6540744777450982,0.6966850222797305,0.4419364668798282,0.4282288780604943,0.4360885166637418,0.6041208229972278,0.6470588235294108,0.489130434782609,,,1.0,0.0
2023-06-01,0.4891304347826084,0.4891304347826084,0.4891304347826084,0.4456521739130439,0.4738805970149258,0.4637404580152671,0.443792766373412,0.0,0.0309503609276665,0.1235818848968035,0.7002633468996896,0.6245339569326696,466.9130434782614,0.4891304347826315,0.4689486552567237,0.4256566938086052,0.6864572381422853,0.4456324021643008,0.4312655832185461,0.4376035498971138,0.6245339569326699,0.7037815126050384,0.489130434782609,,,1.0,0.0
2023-07-01,0.4891304347826084,0.4891304347826084,0.4891304347826084,0.4347826086956523,0.4738805970149258,0.4675572519083966,0.4486803519061579,0.0,1.2759626688563229e-11,0.1071056969901397,0.7002633468996896,0.6450128336505149,467.402173913044,0.4891304347826315,0.4704156479217607,1.0,0.6757387518721281,0.4487597320203926,0.4340773472537798,0.4390591700625093,0.6450128336505143,0.6674208144796365,0.489130434782609,,,1.0,0.0
2023-08-01,0.5108695652173907,0.4891304347826084,0.4891304347826084,0.4673913043478261,0.4813432835820892,0.4732824427480908,0.4525904203323563,0.0686398223075456,0.0294936643286361,0.1327340584681074,0.7562844146516635,0.6242735042735036,467.9130434782614,0.5108695652174138,0.4709046454767724,0.727691959748654,0.74558238823872,0.4549902422542304,0.4384187006111961,0.4413885342687029,0.6242735042735035,0.7983193277310859,0.5108695652173912,,,1.0,0.0
2023-09-01,0.5108695652173907,0.5108695652173907,0.4891304347826084,0.4565217391304346,0.4888059701492535,0.4770992366412212,0.457478005865104,0.0686398223075398,0.0451200603248398,0.1437548986531467,0.7002633468996896,0.6446862201468946,468.42391304347876,0.5108695652174138,0.4713936430317842,0.4865353812381272,0.7468771336110578,0.4602622124520934,0.4424384722384333,0.4436265508589665,0.6446862201468938,0.8710407239818949,0.5108695652173912,,,1.0,0.0
2023-10-01,0.5,0.5108695652173907,0.4891304347826084,0.4565217391304346,0.4925373134328348,0.479007633587786,0.4613880742913006,0.0343199111569029,0.0415364853652057,0.1384122409468917,0.672342018545601,0.6244035215720627,468.92391304347876,0.5000000000000231,0.4723716381418086,0.1514445066156895,0.7137020841141855,0.4629309562878667,0.4452915489345903,0.4453113885004809,0.6244035215720615,0.6951871657754007,0.5000000000000006,,,1.0,0.0
2023-11-01,0.5108695652173907,0.5,0.5108695652173907,0.4347826086956523,0.4925373134328348,0.4828244274809163,0.4682306940371452,0.0343199111569029,0.041536485365163,0.0969563884075044,0.7282292068779452,0.6857088762016272,469.43478260869614,0.5108695652174138,0.4723716381418086,0.5867193159658655,0.7428985258486271,0.466981278172863,0.4488022206860211,0.4473955676698917,0.6857088762016285,0.8155080213903741,0.5108695652173912,,,1.0,0.0
2023-12-01,0.4782608695652168,0.5108695652173907,0.5108695652173907,0.4565217391304346,0.4813432835820892,0.4809160305343507,0.4701857282502448,0.0908019499295255,0.0618891122724625,0.0719716137942613,0.616499361837422,0.5838381244223934,469.91304347826133,0.4782608695652399,0.4718826405867977,0.0,0.6486097702269973,0.4650320115421413,0.4494460404686746,0.4480017735460464,0.5838381244223941,0.60924369747899,0.4782608695652176,,,1.0,0.0
2024-01-01,0.4782608695652168,0.4782608695652168,0.5,0.4673913043478261,0.473880597014924,0.479007633587786,0.4711632453567942,0.1029597334595751,0.0768472546959457,0.0599092918166563,0.7002633468996896,0.5635229215229209,470.3913043478265,0.4782608695652399,0.4723716381418095,0.0222677698507141,0.646941796970907,0.4633826320853771,0.4500421698970562,0.4485842066427441,0.5635229215229213,0.7352941176470561,0.4782608695652176,,,1.0,0.0
2024-02-01,0.4782608695652168,0.4782608695652168,0.5108695652173907,0.4782608695652168,0.4626865671641793,0.4732824427480908,0.4711632453567942,0.0,0.0792735954516651,0.0599092918166563,0.7002633468996896,0.5432727272727268,470.8695652173917,0.4782608695652399,,0.9554092315497656,,0.4619870033142694,0.4505941415900034,0.4491437992258458,0.5432727272727267,0.6470588235294108,0.4782608695652176,,,1.0,0.0
2024-03-01,0.5,0.4782608695652168,0.4782608695652168,0.4891304347826084,0.4701492537313436,0.4713740458015261,0.4721407624633444,0.0686398223075596,0.0665307497260244,0.0607956836610323,0.7563740483600695,0.5634582244166899,471.3695652173917,0.5000000000000231,,0.5710665168439846,,0.4643903947097083,0.4528430946304889,0.4506122741863061,0.5634582244166906,0.6951871657754007,0.5000000000000006,,,1.0,0.0
2024-04-01,0.5,0.5,0.4782608695652168,0.4891304347826084,0.477611940298507,0.471374045801527,0.4731182795698929,0.0686398223075523,0.0665307497260244,0.061089494621763,0.7002633468996896,0.5634582244166899,471.8695652173917,0.5000000000000231,,0.2965245173761559,,0.4664240335827712,0.4549254585568638,0.4520231618934138,0.5634582244166906,0.6470588235294108,0.5000000000000006,,,1.0,0.0
2024-05-01,0.4782608695652168,0.5,0.4782608695652168,0.4891304347826084,0.477611940298507,0.4656488549618309,0.4721407624633427,0.0686398223075523,0.0451200603249691,0.0676349412127275,0.6443316269431706,0.5230872301287622,472.3478260869569,0.4782608695652399,,0.6540744777450982,,0.4645604968889874,0.455115705163899,0.4524478934862941,0.5230872301287628,0.4545454545454493,0.4782608695652176,,,1.0,0.0
2024-06-01,0.4891304347826084,0.4782608695652168,0.5,0.4891304347826084,0.4738805970149249,0.4675572519083966,0.4721407624633444,0.0594438298302011,0.0415364853653397,0.0676349412127275,0.7283186976298796,0.5432727272727268,472.8369565217395,0.4891304347826315,,0.4256566938086052,,0.4647758121720509,0.4561607934994764,0.4533213825305457,0.5432727272727267,0.5147058823529371,0.489130434782609,,,1.0,0.0
2024-07-01,0.5,0.4891304347826084,0.5,0.4891304347826084,0.4738805970149249,0.4713740458015261,0.4731182795698938,0.0594438298302011,0.041536485365296,0.067910883283741,0.7282738807756766,0.5634582244166899,473.3369565217395,0.5000000000000231,,1.0,,0.4667501560509075,0.4579974019540742,0.4546260306947429,0.5634582244166906,0.5656108597285036,0.5000000000000006,,,1.0,0.0
